1,0,0,0,0,0,1,0,
1,-0.0001511,0.000482365,-5.27785e-05,-0.000482376,-5.26824e-05,1,-4.816e-05,
0.999999,-0.000302199,0.00096472,-0.000105653,-0.000964762,-0.000105269,1,-9.63199e-05,
0.999999,-0.000453298,0.00144706,-0.000158624,-0.00144716,-0.000157759,0.999999,-0.00014448,
0.999998,-0.000604397,0.0019294,-0.000211691,-0.00192956,-0.000210153,0.999998,-0.000192639,
0.999997,-0.000755496,0.00241172,-0.000264854,-0.00241198,-0.000262451,0.999997,-0.000240799,
0.999995,-0.000906594,0.00289403,-0.000318112,-0.00289441,-0.000314652,0.999996,-0.000288958,
0.999994,-0.00105769,0.00337633,-0.000371467,-0.00337684,-0.000366758,0.999994,-0.000337117,
0.999992,-0.00120879,0.00385862,-0.000424918,-0.00385929,-0.000418767,0.999992,-0.000385275,
0.99999,-0.00135989,0.00434089,-0.000478465,-0.00434174,-0.00047068,0.99999,-0.000433433,
0.999987,-0.00151098,0.00482316,-0.000532108,-0.00482421,-0.000522497,0.999988,-0.00048159,
0.999984,-0.00166208,0.00530541,-0.000585847,-0.00530668,-0.000574217,0.999986,-0.000529747,
0.999981,-0.00181317,0.00578765,-0.000639682,-0.00578916,-0.000625841,0.999983,-0.000577903,
0.999978,-0.00196426,0.00626988,-0.000693613,-0.00627166,-0.000677369,0.99998,-0.000626059,
0.999975,-0.00211535,0.0067521,-0.00074764,-0.00675416,-0.000728801,0.999977,-0.000674213,
0.999971,-0.00226645,0.0072343,-0.000801762,-0.00723667,-0.000780136,0.999973,-0.000722367,
0.999967,-0.00241753,0.00771649,-0.000855981,-0.00771918,-0.000831375,0.99997,-0.00077052,
0.999963,-0.00256862,0.00819867,-0.000910295,-0.00820171,-0.000882518,0.999966,-0.000818672,
0.999958,-0.00271971,0.00868084,-0.000964706,-0.00868424,-0.000933564,0.999961,-0.000866823,
0.999953,-0.00287079,0.00916299,-0.00101921,-0.00916679,-0.000984514,0.999957,-0.000914973,
0.999948,-0.00302188,0.00964513,-0.00107381,-0.00964934,-0.00103537,0.999952,-0.000963122,
0.999943,-0.00317296,0.0101273,-0.00112851,-0.0101319,-0.00108612,0.999948,-0.00101127,
0.999937,-0.00332404,0.0106094,-0.00118331,-0.0106145,-0.00113679,0.999942,-0.00105942,
0.999932,-0.00347512,0.0110915,-0.00123819,-0.011097,-0.00118735,0.999937,-0.00110756,
0.999926,-0.00362619,0.0115736,-0.00129318,-0.0115796,-0.00123782,0.999932,-0.00115571,
0.999919,-0.00377727,0.0120556,-0.00134826,-0.0120622,-0.00128819,0.999926,-0.00120385,
0.999913,-0.00392834,0.0125377,-0.00140344,-0.0125448,-0.00133846,0.99992,-0.00125199,
0.999906,-0.00407941,0.0130197,-0.00145871,-0.0130274,-0.00138864,0.999913,-0.00130013,
0.999899,-0.00423047,0.0135018,-0.00151408,-0.01351,-0.00143873,0.999907,-0.00134827,
0.999891,-0.00438154,0.0139838,-0.00156954,-0.0139926,-0.00148871,0.9999,-0.0013964,
0.999884,-0.0045326,0.0144658,-0.0016251,-0.0144753,-0.0015386,0.999893,-0.00144454,
0.999876,-0.00468366,0.0149478,-0.00168076,-0.0149579,-0.00158839,0.999886,-0.00149267,
0.999868,-0.00483472,0.0154298,-0.00173651,-0.0154405,-0.00163809,0.999878,-0.0015408,
0.999859,-0.00498577,0.0159117,-0.00179235,-0.0159232,-0.00168769,0.999871,-0.00158893,
0.999851,-0.00513682,0.0163937,-0.0018483,-0.0164058,-0.00173719,0.999863,-0.00163706,
0.999842,-0.00528787,0.0168756,-0.00190433,-0.0168885,-0.0017866,0.999854,-0.00168518,
0.999833,-0.00543892,0.0173575,-0.00196047,-0.0173711,-0.00183591,0.999846,-0.00173331,
0.999823,-0.00558996,0.0178394,-0.0020167,-0.0178538,-0.00188512,0.999837,-0.00178143,
0.999814,-0.005741,0.0183213,-0.00207302,-0.0183365,-0.00193424,0.999828,-0.00182955,
0.999804,-0.00589203,0.0188032,-0.00212944,-0.0188192,-0.00198326,0.999819,-0.00187766,
0.999793,-0.00604307,0.019285,-0.00218596,-0.0193018,-0.00203218,0.99981,-0.00192578,
0.999783,-0.0061941,0.0197669,-0.00224257,-0.0197845,-0.00208101,0.9998,-0.00197389,
0.999772,-0.00634512,0.0202487,-0.00229927,-0.0202672,-0.00212974,0.99979,-0.002022,
0.999761,-0.00649614,0.0207305,-0.00235608,-0.0207499,-0.00217837,0.99978,-0.00207011,
0.99975,-0.00664716,0.0212123,-0.00241297,-0.0212326,-0.00222691,0.99977,-0.00211821,
0.999738,-0.00679818,0.0216941,-0.00246997,-0.0217153,-0.00227535,0.999759,-0.00216631,
0.999727,-0.00694919,0.0221758,-0.00252706,-0.0221981,-0.00232369,0.999748,-0.00221441,
0.999715,-0.00710019,0.0226576,-0.00258424,-0.0226808,-0.00237194,0.999737,-0.00226251,
0.999702,-0.0072512,0.0231393,-0.00264152,-0.0231635,-0.00242009,0.999726,-0.0023106,
0.99969,-0.00740219,0.023621,-0.00269889,-0.0236462,-0.00246814,0.999715,-0.0023587,
0.999677,-0.00755319,0.0241027,-0.00275636,-0.024129,-0.0025161,0.999703,-0.00240678,
0.999664,-0.00770418,0.0245844,-0.00281393,-0.0246117,-0.00256396,0.999691,-0.00245487,
0.999651,-0.00785516,0.025066,-0.00287159,-0.0250944,-0.00261172,0.999679,-0.00250295,
0.999637,-0.00800615,0.0255477,-0.00292935,-0.0255772,-0.00265938,0.999666,-0.00255103,
0.999623,-0.00815712,0.0260293,-0.0029872,-0.0260599,-0.00270695,0.999653,-0.00259911,
0.999609,-0.00830809,0.0265109,-0.00304514,-0.0265427,-0.00275443,0.99964,-0.00264718,
0.999595,-0.00845906,0.0269925,-0.00310319,-0.0270254,-0.0028018,0.999627,-0.00269525,
0.99958,-0.00861002,0.0274741,-0.00316132,-0.0275082,-0.00284908,0.999614,-0.00274332,
0.999566,-0.00876098,0.0279556,-0.00321955,-0.027991,-0.00289626,0.9996,-0.00279138,
0.99955,-0.00891193,0.0284371,-0.00327788,-0.0284737,-0.00294335,0.999586,-0.00283944,
0.999535,-0.00906288,0.0289187,-0.0033363,-0.0289565,-0.00299034,0.999572,-0.0028875,
0.999519,-0.00921382,0.0294002,-0.00339482,-0.0294393,-0.00303723,0.999558,-0.00293555,
0.999504,-0.00936476,0.0298816,-0.00345344,-0.029922,-0.00308402,0.999543,-0.0029836,
0.999487,-0.00951569,0.0303631,-0.00351214,-0.0304048,-0.00313072,0.999528,-0.00303165,
0.999471,-0.00966662,0.0308445,-0.00357095,-0.0308876,-0.00317732,0.999513,-0.00307969,
0.999454,-0.00981754,0.031326,-0.00362985,-0.0313704,-0.00322382,0.999498,-0.00312773,
0.999437,-0.00996845,0.0318074,-0.00368884,-0.0318531,-0.00327023,0.999482,-0.00317576,
0.99942,-0.0101194,0.0322888,-0.00374793,-0.0323359,-0.00331654,0.999466,-0.0032238,
0.999403,-0.0102703,0.0327701,-0.00380711,-0.0328187,-0.00336275,0.99945,-0.00327182,
0.999385,-0.0104212,0.0332515,-0.00386639,-0.0333015,-0.00340887,0.999434,-0.00331985,
0.999367,-0.0105721,0.0337328,-0.00392576,-0.0337843,-0.00345489,0.999418,-0.00336786,
0.999349,-0.0107229,0.0342141,-0.00398523,-0.0342671,-0.00350081,0.999401,-0.00341588,
0.999331,-0.0108738,0.0346954,-0.0040448,-0.0347499,-0.00354663,0.999384,-0.00346389,
0.999312,-0.0110247,0.0351767,-0.00410446,-0.0352327,-0.00359236,0.999367,-0.0035119,
0.999293,-0.0111756,0.0356579,-0.00416421,-0.0357154,-0.00363799,0.999349,-0.0035599,
0.999274,-0.0113264,0.0361391,-0.00422406,-0.0361982,-0.00368353,0.999331,-0.0036079,
0.999254,-0.0114773,0.0366204,-0.004284,-0.036681,-0.00372896,0.999313,-0.00365589,
0.999234,-0.0116281,0.0371015,-0.00434404,-0.0371638,-0.0037743,0.999295,-0.00370388,
0.999214,-0.011779,0.0375827,-0.00440417,-0.0376466,-0.00381955,0.999277,-0.00375186,
0.999194,-0.0119298,0.0380639,-0.0044644,-0.0381294,-0.00386469,0.999258,-0.00379985,
0.999174,-0.0120806,0.038545,-0.00452473,-0.0386122,-0.00390974,0.999239,-0.00384782,
0.999153,-0.0122315,0.0390261,-0.00458514,-0.039095,-0.00395469,0.99922,-0.00389579,
0.999132,-0.0123823,0.0395072,-0.00464566,-0.0395778,-0.00399955,0.999201,-0.00394376,
0.99911,-0.0125331,0.0399882,-0.00470626,-0.0400606,-0.0040443,0.999181,-0.00399172,
0.999089,-0.0126839,0.0404693,-0.00476697,-0.0405434,-0.00408896,0.999161,-0.00403968,
0.999067,-0.0128347,0.0409503,-0.00482776,-0.0410262,-0.00413353,0.999141,-0.00408763,
0.999045,-0.0129855,0.0414313,-0.00488866,-0.041509,-0.00417799,0.999121,-0.00413557,
0.999023,-0.0131362,0.0419123,-0.00494964,-0.0419918,-0.00422236,0.9991,-0.00418352,
0.999,-0.013287,0.0423932,-0.00501072,-0.0424746,-0.00426663,0.999079,-0.00423145,
0.998977,-0.0134378,0.0428742,-0.0050719,-0.0429574,-0.00431081,0.999058,-0.00427938,
0.998954,-0.0135885,0.0433551,-0.00513317,-0.0434402,-0.00435488,0.999037,-0.00432731,
0.998931,-0.0137393,0.043836,-0.00519454,-0.043923,-0.00439886,0.999016,-0.00437523,
0.998907,-0.01389,0.0443169,-0.005256,-0.0444058,-0.00444275,0.998994,-0.00442315,
0.998883,-0.0140407,0.0447977,-0.00531755,-0.0448885,-0.00448653,0.998972,-0.00447106,
0.998859,-0.0141915,0.0452785,-0.0053792,-0.0453713,-0.00453022,0.99895,-0.00451896,
0.998835,-0.0143422,0.0457593,-0.00544094,-0.0458541,-0.00457381,0.998927,-0.00456686,
0.99881,-0.0144929,0.0462401,-0.00550278,-0.0463369,-0.00461731,0.998905,-0.00461476,
0.998785,-0.0146436,0.0467209,-0.00556471,-0.0468197,-0.0046607,0.998882,-0.00466264,
0.99876,-0.0147943,0.0472016,-0.00562674,-0.0473025,-0.004704,0.998858,-0.00471053,
0.998735,-0.014945,0.0476823,-0.00568886,-0.0477852,-0.0047472,0.998835,-0.0047584,
0.998709,-0.0150956,0.048163,-0.00575108,-0.048268,-0.00479031,0.998811,-0.00480627,
0.998683,-0.0152463,0.0486437,-0.00581339,-0.0487508,-0.00483332,0.998787,-0.00485414,
0.998657,-0.015397,0.0491243,-0.0058758,-0.0492336,-0.00487623,0.998763,-0.004902,
0.99863,-0.0155476,0.0496049,-0.0059383,-0.0497163,-0.00491904,0.998739,-0.00494985,
0.998604,-0.0156982,0.0500855,-0.00600089,-0.0501991,-0.00496175,0.998714,-0.0049977,
0.998577,-0.0158489,0.0505661,-0.00606358,-0.0506819,-0.00500437,0.99869,-0.00504554,
0.998549,-0.0159995,0.0510466,-0.00612636,-0.0511646,-0.00504689,0.998664,-0.00509338,
0.998522,-0.0161501,0.0515271,-0.00618924,-0.0516474,-0.00508932,0.998639,-0.00514121,
0.998494,-0.0163007,0.0520076,-0.00625221,-0.0521301,-0.00513164,0.998614,-0.00518903,
0.998466,-0.0164513,0.0524881,-0.00631528,-0.0526129,-0.00517387,0.998588,-0.00523685,
0.998438,-0.0166019,0.0529685,-0.00637844,-0.0530956,-0.005216,0.998562,-0.00528466,
0.998409,-0.0167525,0.053449,-0.00644169,-0.0535784,-0.00525804,0.998536,-0.00533246,
0.99838,-0.016903,0.0539294,-0.00650504,-0.0540611,-0.00529997,0.998509,-0.00538026,
0.998351,-0.0170536,0.0544097,-0.00656848,-0.0545438,-0.00534181,0.998482,-0.00542805,
0.998322,-0.0172041,0.0548901,-0.00663202,-0.0550266,-0.00538355,0.998455,-0.00547583,
0.998293,-0.0173547,0.0553704,-0.00669565,-0.0555093,-0.0054252,0.998428,-0.00552361,
0.998263,-0.0175052,0.0558507,-0.00675938,-0.055992,-0.00546675,0.998401,-0.00557138,
0.998233,-0.0176557,0.056331,-0.0068232,-0.0564747,-0.0055082,0.998373,-0.00561915,
0.998202,-0.0178062,0.0568112,-0.00688711,-0.0569574,-0.00554955,0.998345,-0.0056669,
0.998172,-0.0179567,0.0572914,-0.00695112,-0.0574401,-0.0055908,0.998317,-0.00571465,
0.998141,-0.0181072,0.0577716,-0.00701522,-0.0579228,-0.00563196,0.998289,-0.0057624,
0.99811,-0.0182577,0.0582518,-0.00707942,-0.0584055,-0.00567302,0.99826,-0.00581013,
0.998078,-0.0184081,0.0587319,-0.00714371,-0.0588882,-0.00571398,0.998231,-0.00585786,
0.998047,-0.0185586,0.0592121,-0.00720809,-0.0593709,-0.00575485,0.998202,-0.00590558,
0.998015,-0.018709,0.0596921,-0.00727257,-0.0598536,-0.00579561,0.998173,-0.0059533,
0.997983,-0.0188595,0.0601722,-0.00733714,-0.0603363,-0.00583628,0.998143,-0.00600101,
0.99795,-0.0190099,0.0606522,-0.00740181,-0.0608189,-0.00587686,0.998113,-0.00604871,
0.997918,-0.0191603,0.0611323,-0.00746657,-0.0613016,-0.00591733,0.998083,-0.0060964,
0.997885,-0.0193107,0.0616122,-0.00753142,-0.0617843,-0.00595771,0.998053,-0.00614409,
0.997852,-0.0194611,0.0620922,-0.00759637,-0.0622669,-0.00599799,0.998022,-0.00619177,
0.997818,-0.0196115,0.0625721,-0.00766141,-0.0627496,-0.00603817,0.997992,-0.00623944,
0.997785,-0.0197619,0.063052,-0.00772655,-0.0632322,-0.00607826,0.997961,-0.0062871,
0.997751,-0.0199122,0.0635319,-0.00779178,-0.0637148,-0.00611824,0.997929,-0.00633476,
0.997717,-0.0200626,0.0640117,-0.0078571,-0.0641975,-0.00615813,0.997898,-0.0063824,
0.997682,-0.0202129,0.0644916,-0.00792252,-0.0646801,-0.00619792,0.997866,-0.00643004,
0.997647,-0.0203632,0.0649714,-0.00798803,-0.0651627,-0.00623762,0.997834,-0.00647768,
0.997612,-0.0205135,0.0654511,-0.00805363,-0.0656453,-0.00627721,0.997802,-0.0065253,
0.997577,-0.0206638,0.0659309,-0.00811933,-0.0661279,-0.00631671,0.99777,-0.00657292,
0.997542,-0.0208141,0.0664106,-0.00818513,-0.0666105,-0.00635612,0.997737,-0.00662053,
0.997506,-0.0209644,0.0668902,-0.00825101,-0.0670931,-0.00639542,0.997704,-0.00666813,
0.99747,-0.0211147,0.0673699,-0.00831699,-0.0675757,-0.00643463,0.997671,-0.00671572,
0.997434,-0.0212649,0.0678495,-0.00838307,-0.0680582,-0.00647373,0.997637,-0.0067633,
0.997397,-0.0214151,0.0683291,-0.00844923,-0.0685408,-0.00651275,0.997604,-0.00681088,
0.99736,-0.0215654,0.0688087,-0.00851549,-0.0690233,-0.00655166,0.99757,-0.00685845,
0.997323,-0.0217156,0.0692882,-0.00858185,-0.0695059,-0.00659047,0.997536,-0.00690601,
0.997286,-0.0218658,0.0697677,-0.0086483,-0.0699884,-0.00662919,0.997502,-0.00695356,
0.997249,-0.022016,0.0702472,-0.00871484,-0.070471,-0.00666781,0.997467,-0.0070011,
0.997211,-0.0221662,0.0707266,-0.00878147,-0.0709535,-0.00670634,0.997432,-0.00704863,
0.997173,-0.0223163,0.0712061,-0.0088482,-0.071436,-0.00674476,0.997397,-0.00709616,
0.997134,-0.0224665,0.0716854,-0.00891502,-0.0719185,-0.00678309,0.997362,-0.00714368,
0.997096,-0.0226166,0.0721648,-0.00898194,-0.072401,-0.00682132,0.997326,-0.00719119,
0.997057,-0.0227667,0.0726441,-0.00904895,-0.0728835,-0.00685945,0.997291,-0.00723868,
0.997018,-0.0229169,0.0731234,-0.00911605,-0.073366,-0.00689749,0.997255,-0.00728618,
0.996979,-0.023067,0.0736027,-0.00918325,-0.0738484,-0.00693542,0.997218,-0.00733366,
0.996939,-0.023217,0.0740819,-0.00925054,-0.0743309,-0.00697326,0.997182,-0.00738113,
0.996899,-0.0233671,0.0745611,-0.00931792,-0.0748133,-0.007011,0.997145,-0.00742859,
0.996859,-0.0235172,0.0750403,-0.00938539,-0.0752958,-0.00704865,0.997108,-0.00747605,
0.996819,-0.0236672,0.0755195,-0.00945296,-0.0757782,-0.00708619,0.997071,-0.0075235,
0.996778,-0.0238173,0.0759986,-0.00952063,-0.0762606,-0.00712364,0.997034,-0.00757093,
0.996737,-0.0239673,0.0764777,-0.00958838,-0.076743,-0.00716099,0.996996,-0.00761836,
0.996696,-0.0241173,0.0769567,-0.00965623,-0.0772254,-0.00719824,0.996958,-0.00766578,
0.996655,-0.0242673,0.0774358,-0.00972417,-0.0777078,-0.0072354,0.99692,-0.00771319,
0.996613,-0.0244173,0.0779147,-0.00979221,-0.0781902,-0.00727245,0.996882,-0.00776059,
0.996571,-0.0245672,0.0783937,-0.00986034,-0.0786726,-0.00730941,0.996843,-0.00780798,
0.996529,-0.0247172,0.0788726,-0.00992856,-0.0791549,-0.00734627,0.996804,-0.00785536,
0.996486,-0.0248671,0.0793515,-0.00999688,-0.0796373,-0.00738304,0.996765,-0.00790273,
0.996444,-0.025017,0.0798304,-0.0100653,-0.0801196,-0.0074197,0.996726,-0.00795009,
0.996401,-0.025167,0.0803092,-0.0101338,-0.0806019,-0.00745627,0.996686,-0.00799744,
0.996357,-0.0253168,0.080788,-0.0102024,-0.0810843,-0.00749274,0.996647,-0.00804478,
0.996314,-0.0254667,0.0812668,-0.0102711,-0.0815666,-0.00752911,0.996607,-0.00809212,
0.99627,-0.0256166,0.0817456,-0.0103399,-0.0820488,-0.00756539,0.996566,-0.00813944,
0.996226,-0.0257664,0.0822243,-0.0104087,-0.0825311,-0.00760157,0.996526,-0.00818675,
0.996182,-0.0259163,0.0827029,-0.0104777,-0.0830134,-0.00763764,0.996485,-0.00823405,
0.996138,-0.0260661,0.0831816,-0.0105468,-0.0834957,-0.00767363,0.996444,-0.00828135,
0.996093,-0.0262159,0.0836602,-0.0106159,-0.0839779,-0.00770951,0.996403,-0.00832863,
0.996048,-0.0263657,0.0841388,-0.0106851,-0.0844601,-0.00774529,0.996362,-0.0083759,
0.996003,-0.0265155,0.0846173,-0.0107545,-0.0849424,-0.00778098,0.99632,-0.00842316,
0.995957,-0.0266652,0.0850958,-0.0108239,-0.0854246,-0.00781657,0.996278,-0.00847041,
0.995911,-0.026815,0.0855743,-0.0108934,-0.0859068,-0.00785206,0.996236,-0.00851766,
0.995865,-0.0269647,0.0860527,-0.0109631,-0.0863889,-0.00788746,0.996193,-0.00856489,
0.995819,-0.0271144,0.0865311,-0.0110328,-0.0868711,-0.00792275,0.996151,-0.00861211,
0.995772,-0.0272641,0.0870095,-0.0111026,-0.0873533,-0.00795795,0.996108,-0.00865932,
0.995726,-0.0274138,0.0874879,-0.0111725,-0.0878354,-0.00799305,0.996065,-0.00870652,
0.995679,-0.0275635,0.0879662,-0.0112425,-0.0883176,-0.00802805,0.996022,-0.00875371,
0.995631,-0.0277132,0.0884444,-0.0113125,-0.0887997,-0.00806296,0.995978,-0.00880089,
0.995584,-0.0278628,0.0889227,-0.0113827,-0.0892818,-0.00809776,0.995934,-0.00884805,
0.995536,-0.0280124,0.0894009,-0.011453,-0.0897639,-0.00813247,0.99589,-0.00889521,
0.995488,-0.028162,0.0898791,-0.0115233,-0.0902459,-0.00816708,0.995846,-0.00894236,
0.995439,-0.0283116,0.0903572,-0.0115938,-0.090728,-0.0082016,0.995801,-0.00898949,
0.995391,-0.0284612,0.0908353,-0.0116643,-0.0912101,-0.00823601,0.995757,-0.00903662,
0.995342,-0.0286107,0.0913134,-0.011735,-0.0916921,-0.00827033,0.995712,-0.00908373,
0.995293,-0.0287603,0.0917914,-0.0118057,-0.0921741,-0.00830455,0.995666,-0.00913083,
0.995243,-0.0289098,0.0922694,-0.0118765,-0.0926561,-0.00833867,0.995621,-0.00917792,
0.995194,-0.0290593,0.0927474,-0.0119474,-0.0931381,-0.00837269,0.995575,-0.009225,
0.995144,-0.0292088,0.0932253,-0.0120184,-0.0936201,-0.00840662,0.995529,-0.00927207,
0.995094,-0.0293583,0.0937032,-0.0120895,-0.0941021,-0.00844044,0.995483,-0.00931913,
0.995043,-0.0295077,0.094181,-0.0121607,-0.094584,-0.00847417,0.995437,-0.00936618,
0.994993,-0.0296572,0.0946588,-0.012232,-0.095066,-0.00850781,0.99539,-0.00941321,
0.994942,-0.0298066,0.0951366,-0.0123034,-0.0955479,-0.00854134,0.995343,-0.00946023,
0.994891,-0.029956,0.0956144,-0.0123749,-0.0960298,-0.00857477,0.995296,-0.00950725,
0.994839,-0.0301054,0.0960921,-0.0124464,-0.0965117,-0.00860811,0.995249,-0.00955425,
0.994788,-0.0302548,0.0965698,-0.0125181,-0.0969936,-0.00864135,0.995201,-0.00960123,
0.994736,-0.0304041,0.0970474,-0.0125898,-0.0974754,-0.00867449,0.995153,-0.00964821,
0.994683,-0.0305535,0.097525,-0.0126617,-0.0979573,-0.00870754,0.995105,-0.00969518,
0.994631,-0.0307028,0.0980026,-0.0127336,-0.0984391,-0.00874048,0.995057,-0.00974213,
0.994578,-0.0308521,0.0984801,-0.0128056,-0.0989209,-0.00877333,0.995008,-0.00978907,
0.994525,-0.0310014,0.0989576,-0.0128777,-0.0994027,-0.00880608,0.99496,-0.009836,
0.994472,-0.0311507,0.0994351,-0.01295,-0.0998845,-0.00883873,0.994911,-0.00988292,
0.994419,-0.0312999,0.0999125,-0.0130223,-0.100366,-0.00887128,0.994861,-0.00992982,
0.994365,-0.0314492,0.10039,-0.0130946,-0.100848,-0.00890374,0.994812,-0.00997672,
0.994311,-0.0315984,0.100867,-0.0131671,-0.10133,-0.0089361,0.994762,-0.0100236,
0.994257,-0.0317476,0.101345,-0.0132397,-0.101811,-0.00896835,0.994712,-0.0100705,
0.994202,-0.0318968,0.101822,-0.0133124,-0.102293,-0.00900052,0.994662,-0.0101173,
0.994147,-0.0320459,0.102299,-0.0133851,-0.102775,-0.00903258,0.994612,-0.0101642,
0.994092,-0.0321951,0.102776,-0.013458,-0.103256,-0.00906454,0.994561,-0.010211,
0.994037,-0.0323442,0.103253,-0.0135309,-0.103738,-0.00909641,0.99451,-0.0102578,
0.993981,-0.0324933,0.10373,-0.013604,-0.10422,-0.00912818,0.994459,-0.0103046,
0.993926,-0.0326424,0.104208,-0.0136771,-0.104701,-0.00915985,0.994408,-0.0103514,
0.99387,-0.0327914,0.104685,-0.0137503,-0.105183,-0.00919142,0.994356,-0.0103982,
0.993813,-0.0329405,0.105162,-0.0138236,-0.105665,-0.0092229,0.994304,-0.010445,
0.993757,-0.0330895,0.105639,-0.013897,-0.106146,-0.00925428,0.994252,-0.0104917,
0.9937,-0.0332385,0.106115,-0.0139705,-0.106628,-0.00928556,0.9942,-0.0105385,
0.993643,-0.0333875,0.106592,-0.0140441,-0.107109,-0.00931674,0.994147,-0.0105852,
0.993586,-0.0335365,0.107069,-0.0141178,-0.107591,-0.00934782,0.994094,-0.0106319,
0.993528,-0.0336855,0.107546,-0.0141916,-0.108072,-0.0093788,0.994041,-0.0106786,
0.99347,-0.0338344,0.108023,-0.0142654,-0.108554,-0.00940969,0.993988,-0.0107253,
0.993412,-0.0339833,0.1085,-0.0143394,-0.109035,-0.00944048,0.993935,-0.010772,
0.993354,-0.0341322,0.108976,-0.0144134,-0.109516,-0.00947117,0.993881,-0.0108187,
0.993295,-0.0342811,0.109453,-0.0144876,-0.109998,-0.00950176,0.993827,-0.0108653,
0.993236,-0.03443,0.109929,-0.0145618,-0.110479,-0.00953226,0.993773,-0.010912,
0.993177,-0.0345788,0.110406,-0.0146361,-0.110961,-0.00956265,0.993718,-0.0109586,
0.993118,-0.0347276,0.110883,-0.0147105,-0.111442,-0.00959295,0.993664,-0.0110052,
0.993058,-0.0348764,0.111359,-0.014785,-0.111923,-0.00962315,0.993609,-0.0110518,
0.992998,-0.0350252,0.111836,-0.0148596,-0.112405,-0.00965325,0.993554,-0.0110984,
0.992938,-0.035174,0.112312,-0.0149343,-0.112886,-0.00968325,0.993498,-0.0111449,
0.992878,-0.0353227,0.112788,-0.0150091,-0.113367,-0.00971316,0.993443,-0.0111915,
0.992817,-0.0354714,0.113265,-0.015084,-0.113848,-0.00974297,0.993387,-0.0112381,
0.992756,-0.0356201,0.113741,-0.0151589,-0.11433,-0.00977268,0.993331,-0.0112846,
0.992695,-0.0357688,0.114217,-0.015234,-0.114811,-0.00980229,0.993274,-0.0113311,
0.992633,-0.0359175,0.114693,-0.0153091,-0.115292,-0.0098318,0.993218,-0.0113776,
0.992572,-0.0360661,0.11517,-0.0153844,-0.115773,-0.00986122,0.993161,-0.0114241,
0.99251,-0.0362147,0.115646,-0.0154597,-0.116254,-0.00989053,0.993104,-0.0114706,
0.992448,-0.0363633,0.116122,-0.0155351,-0.116736,-0.00991975,0.993047,-0.011517,
0.992385,-0.0365119,0.116598,-0.0156106,-0.117217,-0.00994887,0.992989,-0.0115635,
0.992322,-0.0366605,0.117074,-0.0156862,-0.117698,-0.00997789,0.992931,-0.0116099,
0.992259,-0.036809,0.11755,-0.0157619,-0.118179,-0.0100068,0.992873,-0.0116563,
0.992196,-0.0369575,0.118026,-0.0158377,-0.11866,-0.0100356,0.992815,-0.0117027,
0.992133,-0.037106,0.118502,-0.0159136,-0.119141,-0.0100644,0.992757,-0.0117491,
0.992069,-0.0372545,0.118977,-0.0159896,-0.119622,-0.010093,0.992698,-0.0117955,
0.992005,-0.0374029,0.119453,-0.0160656,-0.120103,-0.0101215,0.992639,-0.0118419,
0.991941,-0.0375514,0.119929,-0.0161418,-0.120584,-0.01015,0.99258,-0.0118882,
0.991876,-0.0376998,0.120405,-0.016218,-0.121065,-0.0101783,0.992521,-0.0119345,
0.991811,-0.0378482,0.12088,-0.0162943,-0.121546,-0.0102065,0.992461,-0.0119809,
0.991746,-0.0379965,0.121356,-0.0163708,-0.122027,-0.0102347,0.992401,-0.0120272,
0.991681,-0.0381449,0.121831,-0.0164473,-0.122508,-0.0102627,0.992341,-0.0120735,
0.991616,-0.0382932,0.122307,-0.0165239,-0.122988,-0.0102907,0.992281,-0.0121197,
0.99155,-0.0384415,0.122782,-0.0166006,-0.123469,-0.0103185,0.99222,-0.012166,
0.991484,-0.0385898,0.123258,-0.0166774,-0.12395,-0.0103463,0.992159,-0.0122122,
0.991418,-0.038738,0.123733,-0.0167542,-0.124431,-0.0103739,0.992098,-0.0122585,
0.991351,-0.0388863,0.124209,-0.0168312,-0.124912,-0.0104015,0.992037,-0.0123047,
0.991284,-0.0390345,0.124684,-0.0169083,-0.125392,-0.0104289,0.991976,-0.0123509,
0.991217,-0.0391827,0.125159,-0.0169854,-0.125873,-0.0104563,0.991914,-0.0123971,
0.99115,-0.0393308,0.125635,-0.0170627,-0.126354,-0.0104835,0.991852,-0.0124432,
0.991082,-0.039479,0.12611,-0.01714,-0.126834,-0.0105107,0.99179,-0.0124894,
0.991014,-0.0396271,0.126585,-0.0172174,-0.127315,-0.0105377,0.991727,-0.0125355,
0.990946,-0.0397752,0.12706,-0.0172949,-0.127796,-0.0105647,0.991664,-0.0125817,
0.990878,-0.0399233,0.127535,-0.0173725,-0.128276,-0.0105916,0.991602,-0.0126278,
0.990809,-0.0400713,0.12801,-0.0174502,-0.128757,-0.0106183,0.991538,-0.0126739,
0.990741,-0.0402194,0.128485,-0.017528,-0.129237,-0.010645,0.991475,-0.0127199,
0.990671,-0.0403674,0.12896,-0.0176059,-0.129718,-0.0106716,0.991411,-0.012766,
0.990602,-0.0405154,0.129435,-0.0176839,-0.130198,-0.010698,0.991347,-0.012812,
0.990532,-0.0406633,0.12991,-0.0177619,-0.130679,-0.0107244,0.991283,-0.0128581,
0.990463,-0.0408113,0.130384,-0.0178401,-0.131159,-0.0107507,0.991219,-0.0129041,
0.990392,-0.0409592,0.130859,-0.0179183,-0.13164,-0.0107768,0.991154,-0.0129501,
0.990322,-0.0411071,0.131334,-0.0179966,-0.13212,-0.0108029,0.99109,-0.0129961,
0.990251,-0.0412549,0.131808,-0.018075,-0.132601,-0.0108289,0.991025,-0.013042,
0.990181,-0.0414028,0.132283,-0.0181536,-0.133081,-0.0108548,0.990959,-0.013088,
0.990109,-0.0415506,0.132758,-0.0182322,-0.133561,-0.0108806,0.990894,-0.0131339,
0.990038,-0.0416984,0.133232,-0.0183108,-0.134042,-0.0109063,0.990828,-0.0131798,
0.989966,-0.0418462,0.133707,-0.0183896,-0.134522,-0.0109318,0.990762,-0.0132257,
0.989894,-0.0419939,0.134181,-0.0184685,-0.135002,-0.0109573,0.990696,-0.0132716,
0.989822,-0.0421417,0.134655,-0.0185475,-0.135482,-0.0109827,0.990629,-0.0133175,
0.98975,-0.0422894,0.13513,-0.0186265,-0.135962,-0.011008,0.990563,-0.0133634,
0.989677,-0.042437,0.135604,-0.0187057,-0.136443,-0.0110332,0.990496,-0.0134092,
0.989604,-0.0425847,0.136078,-0.0187849,-0.136923,-0.0110583,0.990429,-0.013455,
0.989531,-0.0427323,0.136552,-0.0188642,-0.137403,-0.0110833,0.990361,-0.0135008,
0.989458,-0.0428799,0.137026,-0.0189436,-0.137883,-0.0111082,0.990294,-0.0135466,
0.989384,-0.0430275,0.137501,-0.0190231,-0.138363,-0.011133,0.990226,-0.0135924,
0.98931,-0.0431751,0.137975,-0.0191027,-0.138843,-0.0111577,0.990158,-0.0136381,
0.989236,-0.0433226,0.138449,-0.0191824,-0.139323,-0.0111823,0.990089,-0.0136839,
0.989161,-0.0434701,0.138923,-0.0192622,-0.139803,-0.0112068,0.990021,-0.0137296,
0.989086,-0.0436176,0.139396,-0.019342,-0.140283,-0.0112312,0.989952,-0.0137753,
0.989011,-0.0437651,0.13987,-0.019422,-0.140763,-0.0112555,0.989883,-0.013821,
0.988936,-0.0439125,0.140344,-0.019502,-0.141243,-0.0112797,0.989814,-0.0138667,
0.988861,-0.0440599,0.140818,-0.0195822,-0.141723,-0.0113039,0.989744,-0.0139123,
0.988785,-0.0442073,0.141292,-0.0196624,-0.142203,-0.0113279,0.989674,-0.0139579,
0.988709,-0.0443546,0.141765,-0.0197427,-0.142682,-0.0113518,0.989604,-0.0140036,
0.988633,-0.044502,0.142239,-0.0198231,-0.143162,-0.0113756,0.989534,-0.0140492,
0.988556,-0.0446493,0.142712,-0.0199036,-0.143642,-0.0113993,0.989464,-0.0140948,
0.988479,-0.0447966,0.143186,-0.0199842,-0.144122,-0.011423,0.989393,-0.0141403,
0.988402,-0.0449438,0.143659,-0.0200649,-0.144601,-0.0114465,0.989322,-0.0141859,
0.988325,-0.0450911,0.144133,-0.0201456,-0.145081,-0.0114699,0.989251,-0.0142314,
0.988248,-0.0452383,0.144606,-0.0202265,-0.145561,-0.0114932,0.98918,-0.0142769,
0.98817,-0.0453854,0.145079,-0.0203074,-0.14604,-0.0115165,0.989108,-0.0143224,
0.988092,-0.0455326,0.145553,-0.0203884,-0.14652,-0.0115396,0.989036,-0.0143679,
0.988014,-0.0456797,0.146026,-0.0204696,-0.147,-0.0115626,0.988964,-0.0144134,
0.987935,-0.0458268,0.146499,-0.0205508,-0.147479,-0.0115856,0.988892,-0.0144588,
0.987856,-0.0459739,0.146972,-0.0206321,-0.147959,-0.0116084,0.988819,-0.0145042,
0.987777,-0.0461209,0.147445,-0.0207135,-0.148438,-0.0116311,0.988746,-0.0145497,
0.987698,-0.046268,0.147918,-0.0207949,-0.148918,-0.0116538,0.988673,-0.014595,
0.987618,-0.046415,0.148391,-0.0208765,-0.149397,-0.0116763,0.9886,-0.0146404,
0.987538,-0.0465619,0.148864,-0.0209582,-0.149876,-0.0116988,0.988526,-0.0146858,
0.987458,-0.0467089,0.149337,-0.0210399,-0.150356,-0.0117211,0.988453,-0.0147311,
0.987378,-0.0468558,0.14981,-0.0211217,-0.150835,-0.0117434,0.988379,-0.0147764,
0.987297,-0.0470027,0.150283,-0.0212037,-0.151314,-0.0117655,0.988305,-0.0148217,
0.987217,-0.0471495,0.150755,-0.0212857,-0.151794,-0.0117876,0.98823,-0.014867,
0.987136,-0.0472964,0.151228,-0.0213678,-0.152273,-0.0118095,0.988155,-0.0149123,
0.987054,-0.0474432,0.151701,-0.02145,-0.152752,-0.0118314,0.988081,-0.0149575,
0.986973,-0.04759,0.152173,-0.0215323,-0.153231,-0.0118531,0.988005,-0.0150028,
0.986891,-0.0477367,0.152646,-0.0216146,-0.15371,-0.0118748,0.98793,-0.015048,
0.986809,-0.0478835,0.153118,-0.0216971,-0.15419,-0.0118963,0.987854,-0.0150932,
0.986726,-0.0480302,0.153591,-0.0217797,-0.154669,-0.0119178,0.987779,-0.0151383,
0.986644,-0.0481768,0.154063,-0.0218623,-0.155148,-0.0119392,0.987702,-0.0151835,
0.986561,-0.0483235,0.154535,-0.021945,-0.155627,-0.0119604,0.987626,-0.0152286,
0.986478,-0.0484701,0.155008,-0.0220278,-0.156106,-0.0119816,0.98755,-0.0152737,
0.986394,-0.0486167,0.15548,-0.0221108,-0.156585,-0.0120027,0.987473,-0.0153188,
0.986311,-0.0487632,0.155952,-0.0221938,-0.157064,-0.0120236,0.987396,-0.0153639,
0.986227,-0.0489098,0.156424,-0.0222768,-0.157543,-0.0120445,0.987319,-0.015409,
0.986143,-0.0490563,0.156896,-0.02236,-0.158021,-0.0120653,0.987241,-0.015454,
0.986058,-0.0492028,0.157368,-0.0224433,-0.1585,-0.012086,0.987163,-0.0154991,
0.985974,-0.0493492,0.15784,-0.0225266,-0.158979,-0.0121066,0.987085,-0.0155441,
0.985889,-0.0494956,0.158312,-0.0226101,-0.159458,-0.012127,0.987007,-0.015589,
0.985803,-0.049642,0.158784,-0.0226936,-0.159937,-0.0121474,0.986929,-0.015634,
0.985718,-0.0497884,0.159256,-0.0227772,-0.160415,-0.0121677,0.98685,-0.015679,
0.985632,-0.0499347,0.159727,-0.0228609,-0.160894,-0.0121879,0.986771,-0.0157239,
0.985546,-0.0500811,0.160199,-0.0229447,-0.161373,-0.012208,0.986692,-0.0157688,
0.98546,-0.0502273,0.160671,-0.0230286,-0.161851,-0.012228,0.986613,-0.0158137,
0.985374,-0.0503736,0.161142,-0.0231126,-0.16233,-0.0122479,0.986533,-0.0158586,
0.985287,-0.0505198,0.161614,-0.0231966,-0.162808,-0.0122676,0.986453,-0.0159034,
0.9852,-0.050666,0.162085,-0.0232808,-0.163287,-0.0122873,0.986373,-0.0159482,
0.985113,-0.0508122,0.162557,-0.023365,-0.163765,-0.0123069,0.986293,-0.015993,
0.985026,-0.0509583,0.163028,-0.0234494,-0.164244,-0.0123264,0.986212,-0.0160378,
0.984938,-0.0511044,0.163499,-0.0235338,-0.164722,-0.0123458,0.986132,-0.0160826,
0.98485,-0.0512505,0.16397,-0.0236183,-0.165201,-0.0123651,0.986051,-0.0161274,
0.984762,-0.0513965,0.164442,-0.0237029,-0.165679,-0.0123843,0.985969,-0.0161721,
0.984673,-0.0515426,0.164913,-0.0237876,-0.166157,-0.0124035,0.985888,-0.0162168,
0.984584,-0.0516886,0.165384,-0.0238723,-0.166635,-0.0124225,0.985806,-0.0162615,
0.984496,-0.0518345,0.165855,-0.0239572,-0.167114,-0.0124414,0.985724,-0.0163062,
0.984406,-0.0519804,0.166326,-0.0240421,-0.167592,-0.0124602,0.985642,-0.0163508,
0.984317,-0.0521263,0.166797,-0.0241272,-0.16807,-0.0124789,0.98556,-0.0163954,
0.984227,-0.0522722,0.167268,-0.0242123,-0.168548,-0.0124975,0.985477,-0.0164401,
0.984137,-0.0524181,0.167738,-0.0242975,-0.169026,-0.012516,0.985394,-0.0164847,
0.984047,-0.0525639,0.168209,-0.0243828,-0.169504,-0.0125345,0.985311,-0.0165292,
0.983956,-0.0527097,0.16868,-0.0244682,-0.169982,-0.0125528,0.985228,-0.0165738,
0.983866,-0.0528554,0.169151,-0.0245537,-0.17046,-0.012571,0.985144,-0.0166183,
0.983775,-0.0530011,0.169621,-0.0246393,-0.170938,-0.0125891,0.98506,-0.0166628,
0.983683,-0.0531468,0.170092,-0.0247249,-0.171416,-0.0126072,0.984976,-0.0167073,
0.983592,-0.0532925,0.170562,-0.0248107,-0.171894,-0.0126251,0.984892,-0.0167518,
0.9835,-0.0534381,0.171033,-0.0248965,-0.172372,-0.0126429,0.984808,-0.0167962,
0.983408,-0.0535837,0.171503,-0.0249824,-0.17285,-0.0126606,0.984723,-0.0168406,
0.983316,-0.0537293,0.171973,-0.0250684,-0.173328,-0.0126783,0.984638,-0.0168851,
0.983223,-0.0538748,0.172444,-0.0251545,-0.173805,-0.0126958,0.984553,-0.0169294,
0.98313,-0.0540203,0.172914,-0.0252407,-0.174283,-0.0127133,0.984467,-0.0169738,
0.983037,-0.0541658,0.173384,-0.025327,-0.174761,-0.0127306,0.984382,-0.0170181,
0.982944,-0.0543113,0.173854,-0.0254133,-0.175238,-0.0127478,0.984296,-0.0170625,
0.982851,-0.0544567,0.174324,-0.0254998,-0.175716,-0.012765,0.984209,-0.0171068,
0.982757,-0.0546021,0.174794,-0.0255863,-0.176194,-0.012782,0.984123,-0.0171511,
0.982663,-0.0547474,0.175264,-0.0256729,-0.176671,-0.012799,0.984036,-0.0171953,
0.982569,-0.0548927,0.175734,-0.0257596,-0.177149,-0.0128158,0.98395,-0.0172396,
0.982474,-0.055038,0.176203,-0.0258464,-0.177626,-0.0128326,0.983863,-0.0172838,
0.982379,-0.0551833,0.176673,-0.0259333,-0.178104,-0.0128492,0.983775,-0.017328,
0.982284,-0.0553285,0.177143,-0.0260203,-0.178581,-0.0128658,0.983688,-0.0173721,
0.982189,-0.0554737,0.177613,-0.0261073,-0.179058,-0.0128822,0.9836,-0.0174163,
0.982093,-0.0556189,0.178082,-0.0261945,-0.179536,-0.0128986,0.983512,-0.0174604,
0.981997,-0.055764,0.178552,-0.0262817,-0.180013,-0.0129149,0.983424,-0.0175045,
0.981901,-0.0559091,0.179021,-0.026369,-0.18049,-0.012931,0.983335,-0.0175486,
0.981805,-0.0560542,0.17949,-0.0264565,-0.180967,-0.0129471,0.983247,-0.0175927,
0.981708,-0.0561992,0.17996,-0.026544,-0.181444,-0.0129631,0.983158,-0.0176367,
0.981612,-0.0563442,0.180429,-0.0266315,-0.181922,-0.0129789,0.983068,-0.0176808,
0.981515,-0.0564892,0.180898,-0.0267192,-0.182399,-0.0129947,0.982979,-0.0177248,
0.981417,-0.0566341,0.181367,-0.026807,-0.182876,-0.0130104,0.982889,-0.0177687,
0.98132,-0.056779,0.181837,-0.0268948,-0.183353,-0.013026,0.982799,-0.0178127,
0.981222,-0.0569239,0.182306,-0.0269828,-0.18383,-0.0130414,0.982709,-0.0178566,
0.981124,-0.0570688,0.182775,-0.0270708,-0.184307,-0.0130568,0.982619,-0.0179005,
0.981025,-0.0572136,0.183243,-0.0271589,-0.184783,-0.0130721,0.982528,-0.0179444,
0.980927,-0.0573583,0.183712,-0.0272471,-0.18526,-0.0130873,0.982438,-0.0179883,
0.980828,-0.0575031,0.184181,-0.0273354,-0.185737,-0.0131024,0.982347,-0.0180322,
0.980729,-0.0576478,0.18465,-0.0274237,-0.186214,-0.0131174,0.982255,-0.018076,
0.980629,-0.0577925,0.185119,-0.0275122,-0.186691,-0.0131322,0.982164,-0.0181198,
0.98053,-0.0579371,0.185587,-0.0276007,-0.187167,-0.013147,0.982072,-0.0181636,
0.98043,-0.0580817,0.186056,-0.0276894,-0.187644,-0.0131617,0.98198,-0.0182073,
0.98033,-0.0582263,0.186524,-0.0277781,-0.18812,-0.0131763,0.981888,-0.0182511,
0.98023,-0.0583709,0.186993,-0.0278669,-0.188597,-0.0131908,0.981796,-0.0182948,
0.980129,-0.0585154,0.187461,-0.0279558,-0.189074,-0.0132052,0.981703,-0.0183385,
0.980028,-0.0586599,0.187929,-0.0280448,-0.18955,-0.0132195,0.98161,-0.0183821,
0.979927,-0.0588043,0.188398,-0.0281338,-0.190027,-0.0132337,0.981517,-0.0184258,
0.979826,-0.0589487,0.188866,-0.028223,-0.190503,-0.0132478,0.981423,-0.0184694,
0.979724,-0.0590931,0.189334,-0.0283122,-0.190979,-0.0132618,0.98133,-0.018513,
0.979622,-0.0592374,0.189802,-0.0284016,-0.191456,-0.0132758,0.981236,-0.0185566,
0.97952,-0.0593818,0.19027,-0.028491,-0.191932,-0.0132896,0.981142,-0.0186001,
0.979418,-0.059526,0.190738,-0.0285805,-0.192408,-0.0133033,0.981048,-0.0186436,
0.979315,-0.0596703,0.191206,-0.0286701,-0.192884,-0.0133169,0.980953,-0.0186872,
0.979212,-0.0598145,0.191674,-0.0287597,-0.19336,-0.0133304,0.980858,-0.0187306,
0.979109,-0.0599587,0.192142,-0.0288495,-0.193837,-0.0133438,0.980763,-0.0187741,
0.979006,-0.0601028,0.192609,-0.0289394,-0.194313,-0.0133572,0.980668,-0.0188175,
0.978902,-0.0602469,0.193077,-0.0290293,-0.194789,-0.0133704,0.980573,-0.018861,
0.978798,-0.060391,0.193545,-0.0291193,-0.195265,-0.0133835,0.980477,-0.0189043,
0.978694,-0.060535,0.194012,-0.0292094,-0.195741,-0.0133965,0.980381,-0.0189477,
0.978589,-0.060679,0.19448,-0.0292996,-0.196217,-0.0134095,0.980285,-0.0189911,
0.978485,-0.060823,0.194947,-0.0293899,-0.196692,-0.0134223,0.980189,-0.0190344,
0.97838,-0.0609669,0.195414,-0.0294803,-0.197168,-0.013435,0.980092,-0.0190777,
0.978275,-0.0611108,0.195882,-0.0295707,-0.197644,-0.0134477,0.979995,-0.0191209,
0.978169,-0.0612547,0.196349,-0.0296612,-0.19812,-0.0134602,0.979898,-0.0191642,
0.978064,-0.0613985,0.196816,-0.0297519,-0.198595,-0.0134727,0.979801,-0.0192074,
0.977958,-0.0615423,0.197283,-0.0298426,-0.199071,-0.013485,0.979703,-0.0192506,
0.977852,-0.0616861,0.19775,-0.0299334,-0.199547,-0.0134972,0.979605,-0.0192938,
0.977745,-0.0618298,0.198217,-0.0300243,-0.200022,-0.0135094,0.979507,-0.019337,
0.977639,-0.0619735,0.198684,-0.0301152,-0.200498,-0.0135214,0.979409,-0.0193801,
0.977532,-0.0621171,0.199151,-0.0302063,-0.200973,-0.0135334,0.979311,-0.0194232,
0.977424,-0.0622608,0.199617,-0.0302974,-0.201449,-0.0135452,0.979212,-0.0194663,
0.977317,-0.0624043,0.200084,-0.0303887,-0.201924,-0.013557,0.979113,-0.0195093,
0.977209,-0.0625479,0.200551,-0.03048,-0.2024,-0.0135687,0.979014,-0.0195524,
0.977101,-0.0626914,0.201017,-0.0305714,-0.202875,-0.0135802,0.978914,-0.0195954,
0.976993,-0.0628349,0.201484,-0.0306629,-0.20335,-0.0135917,0.978815,-0.0196384,
0.976885,-0.0629783,0.20195,-0.0307545,-0.203825,-0.0136031,0.978715,-0.0196813,
0.976776,-0.0631217,0.202417,-0.0308461,-0.2043,-0.0136143,0.978615,-0.0197243,
0.976667,-0.0632651,0.202883,-0.0309379,-0.204776,-0.0136255,0.978514,-0.0197672,
0.976558,-0.0634084,0.203349,-0.0310297,-0.205251,-0.0136366,0.978414,-0.0198101,
0.976449,-0.0635517,0.203816,-0.0311216,-0.205726,-0.0136475,0.978313,-0.0198529,
0.976339,-0.063695,0.204282,-0.0312136,-0.206201,-0.0136584,0.978212,-0.0198958,
0.976229,-0.0638382,0.204748,-0.0313057,-0.206676,-0.0136692,0.978111,-0.0199386,
0.976119,-0.0639814,0.205214,-0.0313979,-0.207151,-0.0136799,0.978009,-0.0199814,
0.976008,-0.0641245,0.20568,-0.0314901,-0.207625,-0.0136905,0.977908,-0.0200241,
0.975898,-0.0642676,0.206146,-0.0315825,-0.2081,-0.0137009,0.977806,-0.0200669,
0.975787,-0.0644107,0.206611,-0.0316749,-0.208575,-0.0137113,0.977703,-0.0201096,
0.975676,-0.0645537,0.207077,-0.0317674,-0.20905,-0.0137216,0.977601,-0.0201523,
0.975564,-0.0646967,0.207543,-0.03186,-0.209524,-0.0137318,0.977498,-0.0201949,
0.975452,-0.0648397,0.208008,-0.0319527,-0.209999,-0.0137419,0.977396,-0.0202376,
0.97534,-0.0649826,0.208474,-0.0320455,-0.210474,-0.0137519,0.977292,-0.0202802,
0.975228,-0.0651255,0.208939,-0.0321383,-0.210948,-0.0137618,0.977189,-0.0203228,
0.975116,-0.0652684,0.209405,-0.0322313,-0.211423,-0.0137716,0.977085,-0.0203653,
0.975003,-0.0654112,0.20987,-0.0323243,-0.211897,-0.0137813,0.976982,-0.0204079,
0.97489,-0.065554,0.210335,-0.0324174,-0.212372,-0.0137909,0.976878,-0.0204504,
0.974777,-0.0656967,0.210801,-0.0325106,-0.212846,-0.0138004,0.976773,-0.0204929,
0.974664,-0.0658394,0.211266,-0.0326039,-0.21332,-0.0138098,0.976669,-0.0205353,
0.97455,-0.0659821,0.211731,-0.0326973,-0.213794,-0.0138191,0.976564,-0.0205778,
0.974436,-0.0661247,0.212196,-0.0327907,-0.214269,-0.0138284,0.976459,-0.0206202,
0.974322,-0.0662673,0.212661,-0.0328843,-0.214743,-0.0138375,0.976354,-0.0206626,
0.974207,-0.0664099,0.213126,-0.0329779,-0.215217,-0.0138465,0.976249,-0.0207049,
0.974092,-0.0665524,0.21359,-0.0330716,-0.215691,-0.0138554,0.976143,-0.0207473,
0.973978,-0.0666948,0.214055,-0.0331654,-0.216165,-0.0138642,0.976037,-0.0207896,
0.973862,-0.0668373,0.21452,-0.0332593,-0.216639,-0.013873,0.975931,-0.0208319,
0.973747,-0.0669797,0.214984,-0.0333533,-0.217113,-0.0138816,0.975825,-0.0208741,
0.973631,-0.067122,0.215449,-0.0334473,-0.217587,-0.0138901,0.975718,-0.0209163,
0.973515,-0.0672644,0.215913,-0.0335415,-0.218061,-0.0138986,0.975611,-0.0209585,
0.973399,-0.0674067,0.216378,-0.0336357,-0.218534,-0.0139069,0.975504,-0.0210007,
0.973283,-0.0675489,0.216842,-0.03373,-0.219008,-0.0139151,0.975397,-0.0210429,
0.973166,-0.0676911,0.217306,-0.0338244,-0.219482,-0.0139233,0.975289,-0.021085,
0.973049,-0.0678333,0.217771,-0.0339188,-0.219956,-0.0139313,0.975182,-0.0211271,
0.972932,-0.0679754,0.218235,-0.0340134,-0.220429,-0.0139393,0.975074,-0.0211692,
0.972814,-0.0681175,0.218699,-0.0341081,-0.220903,-0.0139471,0.974965,-0.0212112,
0.972697,-0.0682595,0.219163,-0.0342028,-0.221376,-0.0139549,0.974857,-0.0212532,
0.972579,-0.0684016,0.219627,-0.0342976,-0.22185,-0.0139625,0.974748,-0.0212952,
0.97246,-0.0685435,0.220091,-0.0343925,-0.222323,-0.0139701,0.974639,-0.0213372,
0.972342,-0.0686855,0.220554,-0.0344875,-0.222796,-0.0139776,0.97453,-0.0213791,
0.972223,-0.0688274,0.221018,-0.0345825,-0.22327,-0.0139849,0.974421,-0.0214211,
0.972104,-0.0689692,0.221482,-0.0346777,-0.223743,-0.0139922,0.974311,-0.021463,
0.971985,-0.069111,0.221945,-0.0347729,-0.224216,-0.0139993,0.974202,-0.0215048,
0.971866,-0.0692528,0.222409,-0.0348683,-0.224689,-0.0140064,0.974092,-0.0215466,
0.971746,-0.0693945,0.222872,-0.0349637,-0.225162,-0.0140134,0.973981,-0.0215885,
0.971626,-0.0695362,0.223336,-0.0350592,-0.225635,-0.0140203,0.973871,-0.0216302,
0.971506,-0.0696779,0.223799,-0.0351547,-0.226108,-0.014027,0.97376,-0.021672,
0.971385,-0.0698195,0.224262,-0.0352504,-0.226581,-0.0140337,0.973649,-0.0217137,
0.971264,-0.0699611,0.224725,-0.0353461,-0.227054,-0.0140403,0.973538,-0.0217554,
0.971144,-0.0701026,0.225188,-0.035442,-0.227527,-0.0140468,0.973426,-0.0217971,
0.971022,-0.0702441,0.225651,-0.0355379,-0.228,-0.0140532,0.973315,-0.0218387,
0.970901,-0.0703856,0.226114,-0.0356339,-0.228473,-0.0140595,0.973203,-0.0218803,
0.970779,-0.070527,0.226577,-0.0357299,-0.228945,-0.0140656,0.973091,-0.0219219,
0.970657,-0.0706684,0.22704,-0.0358261,-0.229418,-0.0140717,0.972978,-0.0219635,
0.970535,-0.0708097,0.227503,-0.0359224,-0.229891,-0.0140777,0.972866,-0.022005,
0.970413,-0.070951,0.227965,-0.0360187,-0.230363,-0.0140836,0.972753,-0.0220465,
0.97029,-0.0710923,0.228428,-0.0361151,-0.230836,-0.0140894,0.97264,-0.022088,
0.970167,-0.0712335,0.22889,-0.0362116,-0.231308,-0.0140951,0.972527,-0.0221295,
0.970044,-0.0713747,0.229353,-0.0363082,-0.23178,-0.0141008,0.972413,-0.0221709,
0.96992,-0.0715158,0.229815,-0.0364049,-0.232253,-0.0141063,0.972299,-0.0222123,
0.969796,-0.0716569,0.230278,-0.0365016,-0.232725,-0.0141117,0.972186,-0.0222537,
0.969673,-0.0717979,0.23074,-0.0365984,-0.233197,-0.014117,0.972071,-0.022295,
0.969548,-0.0719389,0.231202,-0.0366954,-0.23367,-0.0141222,0.971957,-0.0223363,
0.969424,-0.0720799,0.231664,-0.0367924,-0.234142,-0.0141273,0.971842,-0.0223776,
0.969299,-0.0722208,0.232126,-0.0368894,-0.234614,-0.0141324,0.971727,-0.0224189,
0.969174,-0.0723617,0.232588,-0.0369866,-0.235086,-0.0141373,0.971612,-0.0224601,
0.969049,-0.0725026,0.23305,-0.0370839,-0.235558,-0.0141421,0.971497,-0.0225013,
0.968924,-0.0726434,0.233512,-0.0371812,-0.23603,-0.0141468,0.971381,-0.0225425,
0.968798,-0.0727841,0.233973,-0.0372786,-0.236501,-0.0141515,0.971266,-0.0225836,
0.968672,-0.0729248,0.234435,-0.0373761,-0.236973,-0.014156,0.97115,-0.0226247,
0.968546,-0.0730655,0.234897,-0.0374737,-0.237445,-0.0141605,0.971033,-0.0226658,
0.968419,-0.0732062,0.235358,-0.0375714,-0.237917,-0.0141648,0.970917,-0.0227069,
0.968293,-0.0733468,0.23582,-0.0376691,-0.238388,-0.0141691,0.9708,-0.0227479,
0.968166,-0.0734873,0.236281,-0.037767,-0.23886,-0.0141732,0.970683,-0.0227889,
0.968038,-0.0736278,0.236742,-0.0378649,-0.239332,-0.0141773,0.970566,-0.0228299,
0.967911,-0.0737683,0.237203,-0.0379629,-0.239803,-0.0141812,0.970449,-0.0228708,
0.967783,-0.0739087,0.237664,-0.038061,-0.240274,-0.0141851,0.970331,-0.0229118,
0.967655,-0.0740491,0.238126,-0.0381592,-0.240746,-0.0141888,0.970213,-0.0229527,
0.967527,-0.0741894,0.238587,-0.0382574,-0.241217,-0.0141925,0.970095,-0.0229935,
0.967399,-0.0743297,0.239047,-0.0383558,-0.241688,-0.0141961,0.969977,-0.0230343,
0.96727,-0.07447,0.239508,-0.0384542,-0.24216,-0.0141995,0.969858,-0.0230751,
0.967141,-0.0746102,0.239969,-0.0385527,-0.242631,-0.0142029,0.969739,-0.0231159,
0.967012,-0.0747504,0.24043,-0.0386513,-0.243102,-0.0142062,0.96962,-0.0231567,
0.966882,-0.0748905,0.24089,-0.0387499,-0.243573,-0.0142093,0.969501,-0.0231974,
0.966753,-0.0750306,0.241351,-0.0388487,-0.244044,-0.0142124,0.969382,-0.0232381,
0.966623,-0.0751706,0.241811,-0.0389475,-0.244515,-0.0142154,0.969262,-0.0232787,
0.966493,-0.0753106,0.242272,-0.0390464,-0.244986,-0.0142183,0.969142,-0.0233194,
0.966362,-0.0754506,0.242732,-0.0391454,-0.245457,-0.0142211,0.969022,-0.02336,
0.966232,-0.0755905,0.243192,-0.0392445,-0.245927,-0.0142238,0.968901,-0.0234005,
0.966101,-0.0757304,0.243653,-0.0393437,-0.246398,-0.0142264,0.968781,-0.0234411,
0.965969,-0.0758702,0.244113,-0.0394429,-0.246869,-0.0142289,0.96866,-0.0234816,
0.965838,-0.07601,0.244573,-0.0395423,-0.247339,-0.0142313,0.968539,-0.0235221,
0.965706,-0.0761497,0.245033,-0.0396417,-0.24781,-0.0142336,0.968417,-0.0235625,
0.965574,-0.0762894,0.245492,-0.0397412,-0.248281,-0.0142358,0.968296,-0.0236029,
0.965442,-0.0764291,0.245952,-0.0398408,-0.248751,-0.0142379,0.968174,-0.0236433,
0.96531,-0.0765687,0.246412,-0.0399404,-0.249221,-0.0142399,0.968052,-0.0236837,
0.965177,-0.0767082,0.246872,-0.0400402,-0.249692,-0.0142418,0.96793,-0.023724,
0.965044,-0.0768477,0.247331,-0.04014,-0.250162,-0.0142436,0.967807,-0.0237643,
0.964911,-0.0769872,0.247791,-0.0402399,-0.250632,-0.0142454,0.967685,-0.0238046,
0.964778,-0.0771266,0.24825,-0.0403399,-0.251102,-0.014247,0.967562,-0.0238448,
0.964644,-0.077266,0.248709,-0.04044,-0.251572,-0.0142485,0.967439,-0.0238851,
0.96451,-0.0774054,0.249169,-0.0405401,-0.252043,-0.0142499,0.967315,-0.0239252,
0.964376,-0.0775447,0.249628,-0.0406404,-0.252513,-0.0142513,0.967192,-0.0239654,
0.964242,-0.0776839,0.250087,-0.0407407,-0.252982,-0.0142525,0.967068,-0.0240055,
0.964107,-0.0778231,0.250546,-0.0408411,-0.253452,-0.0142537,0.966944,-0.0240456,
0.963972,-0.0779623,0.251005,-0.0409416,-0.253922,-0.0142547,0.96682,-0.0240857,
0.963837,-0.0781014,0.251464,-0.0410421,-0.254392,-0.0142556,0.966695,-0.0241257,
0.963702,-0.0782405,0.251923,-0.0411428,-0.254862,-0.0142565,0.96657,-0.0241657,
0.963566,-0.0783795,0.252381,-0.0412435,-0.255331,-0.0142572,0.966445,-0.0242057,
0.96343,-0.0785185,0.25284,-0.0413443,-0.255801,-0.0142579,0.96632,-0.0242456,
0.963294,-0.0786575,0.253298,-0.0414452,-0.25627,-0.0142585,0.966195,-0.0242855,
0.963158,-0.0787964,0.253757,-0.0415462,-0.25674,-0.0142589,0.966069,-0.0243254,
0.963021,-0.0789352,0.254215,-0.0416473,-0.257209,-0.0142593,0.965943,-0.0243653,
0.962884,-0.079074,0.254674,-0.0417484,-0.257679,-0.0142596,0.965817,-0.0244051,
0.962747,-0.0792128,0.255132,-0.0418496,-0.258148,-0.0142597,0.965691,-0.0244449,
0.96261,-0.0793515,0.25559,-0.0419509,-0.258617,-0.0142598,0.965564,-0.0244846,
0.962472,-0.0794901,0.256048,-0.0420523,-0.259086,-0.0142598,0.965437,-0.0245244,
0.962334,-0.0796288,0.256506,-0.0421538,-0.259555,-0.0142597,0.96531,-0.0245641,
0.962196,-0.0797673,0.256964,-0.0422553,-0.260024,-0.0142595,0.965183,-0.0246037,
0.962058,-0.0799059,0.257422,-0.042357,-0.260493,-0.0142591,0.965056,-0.0246434,
0.961919,-0.0800444,0.25788,-0.0424587,-0.260962,-0.0142587,0.964928,-0.024683,
0.96178,-0.0801828,0.258337,-0.0425605,-0.261431,-0.0142582,0.9648,-0.0247225,
0.961641,-0.0803212,0.258795,-0.0426623,-0.2619,-0.0142576,0.964672,-0.0247621,
0.961502,-0.0804595,0.259253,-0.0427643,-0.262369,-0.0142569,0.964544,-0.0248016,
0.961362,-0.0805978,0.25971,-0.0428663,-0.262838,-0.0142561,0.964415,-0.0248411,
0.961222,-0.0807361,0.260167,-0.0429685,-0.263306,-0.0142552,0.964286,-0.0248805,
0.961082,-0.0808743,0.260625,-0.0430707,-0.263775,-0.0142543,0.964157,-0.0249199,
0.960942,-0.0810125,0.261082,-0.0431729,-0.264243,-0.0142532,0.964028,-0.0249593,
0.960801,-0.0811506,0.261539,-0.0432753,-0.264712,-0.014252,0.963898,-0.0249987,
0.96066,-0.0812887,0.261996,-0.0433777,-0.26518,-0.0142507,0.963768,-0.025038,
0.960519,-0.0814267,0.262453,-0.0434803,-0.265648,-0.0142493,0.963638,-0.0250773,
0.960378,-0.0815647,0.26291,-0.0435829,-0.266117,-0.0142479,0.963508,-0.0251166,
0.960237,-0.0817026,0.263367,-0.0436856,-0.266585,-0.0142463,0.963378,-0.0251558,
0.960095,-0.0818405,0.263824,-0.0437883,-0.267053,-0.0142446,0.963247,-0.025195,
0.959953,-0.0819783,0.26428,-0.0438912,-0.267521,-0.0142429,0.963116,-0.0252341,
0.95981,-0.0821161,0.264737,-0.0439941,-0.267989,-0.014241,0.962985,-0.0252733,
0.959668,-0.0822538,0.265193,-0.0440971,-0.268457,-0.0142391,0.962854,-0.0253124,
0.959525,-0.0823915,0.26565,-0.0442002,-0.268925,-0.014237,0.962722,-0.0253514,
0.959382,-0.0825292,0.266106,-0.0443034,-0.269393,-0.0142349,0.96259,-0.0253905,
0.959239,-0.0826668,0.266562,-0.0444066,-0.269861,-0.0142326,0.962458,-0.0254295,
0.959095,-0.0828043,0.267018,-0.04451,-0.270328,-0.0142303,0.962326,-0.0254684,
0.958951,-0.0829418,0.267475,-0.0446134,-0.270796,-0.0142278,0.962194,-0.0255074,
0.958807,-0.0830793,0.267931,-0.0447169,-0.271264,-0.0142253,0.962061,-0.0255463,
0.958663,-0.0832167,0.268386,-0.0448205,-0.271731,-0.0142227,0.961928,-0.0255852,
0.958519,-0.0833541,0.268842,-0.0449241,-0.272199,-0.01422,0.961795,-0.025624,
0.958374,-0.0834914,0.269298,-0.0450279,-0.272666,-0.0142171,0.961661,-0.0256628,
0.958229,-0.0836286,0.269754,-0.0451317,-0.273134,-0.0142142,0.961528,-0.0257016,
0.958083,-0.0837659,0.270209,-0.0452356,-0.273601,-0.0142112,0.961394,-0.0257403,
0.957938,-0.083903,0.270665,-0.0453396,-0.274068,-0.0142081,0.96126,-0.0257791,
0.957792,-0.0840402,0.27112,-0.0454436,-0.274535,-0.0142049,0.961125,-0.0258177,
0.957646,-0.0841772,0.271576,-0.0455478,-0.275002,-0.0142016,0.960991,-0.0258564,
0.9575,-0.0843143,0.272031,-0.045652,-0.275469,-0.0141982,0.960856,-0.025895,
0.957353,-0.0844512,0.272486,-0.0457563,-0.275936,-0.0141947,0.960721,-0.0259336,
0.957207,-0.0845882,0.272941,-0.0458607,-0.276403,-0.0141911,0.960586,-0.0259721,
0.95706,-0.084725,0.273396,-0.0459651,-0.27687,-0.0141874,0.96045,-0.0260106,
0.956913,-0.0848619,0.273851,-0.0460697,-0.277337,-0.0141836,0.960315,-0.0260491,
0.956765,-0.0849987,0.274306,-0.0461743,-0.277804,-0.0141797,0.960179,-0.0260876,
0.956617,-0.0851354,0.274761,-0.046279,-0.27827,-0.0141758,0.960043,-0.026126,
0.956469,-0.0852721,0.275215,-0.0463838,-0.278737,-0.0141717,0.959906,-0.0261644,
0.956321,-0.0854087,0.27567,-0.0464886,-0.279203,-0.0141675,0.95977,-0.0262027,
0.956173,-0.0855453,0.276125,-0.0465936,-0.27967,-0.0141633,0.959633,-0.026241,
0.956024,-0.0856818,0.276579,-0.0466986,-0.280136,-0.0141589,0.959496,-0.0262793,
0.955875,-0.0858183,0.277033,-0.0468037,-0.280602,-0.0141544,0.959359,-0.0263176,
0.955726,-0.0859548,0.277488,-0.0469089,-0.281069,-0.0141499,0.959221,-0.0263558,
0.955576,-0.0860912,0.277942,-0.0470141,-0.281535,-0.0141452,0.959084,-0.026394,
0.955427,-0.0862275,0.278396,-0.0471195,-0.282001,-0.0141405,0.958946,-0.0264321,
0.955277,-0.0863638,0.27885,-0.0472249,-0.282467,-0.0141356,0.958808,-0.0264703,
0.955127,-0.0865,0.279304,-0.0473304,-0.282933,-0.0141307,0.958669,-0.0265083,
0.954976,-0.0866362,0.279758,-0.047436,-0.283399,-0.0141257,0.958531,-0.0265464,
0.954826,-0.0867724,0.280211,-0.0475417,-0.283865,-0.0141205,0.958392,-0.0265844,
0.954675,-0.0869084,0.280665,-0.0476474,-0.284331,-0.0141153,0.958253,-0.0266224,
0.954524,-0.0870445,0.281119,-0.0477532,-0.284796,-0.01411,0.958113,-0.0266603,
0.954372,-0.0871805,0.281572,-0.0478591,-0.285262,-0.0141046,0.957974,-0.0266982,
0.95422,-0.0873164,0.282026,-0.0479651,-0.285728,-0.0140991,0.957834,-0.0267361,
0.954069,-0.0874523,0.282479,-0.0480711,-0.286193,-0.0140934,0.957694,-0.026774,
0.953916,-0.0875882,0.282932,-0.0481773,-0.286659,-0.0140877,0.957554,-0.0268118,
0.953764,-0.0877239,0.283385,-0.0482835,-0.287124,-0.0140819,0.957413,-0.0268496,
0.953611,-0.0878597,0.283838,-0.0483898,-0.287589,-0.014076,0.957273,-0.0268873,
0.953459,-0.0879954,0.284291,-0.0484962,-0.288055,-0.01407,0.957132,-0.026925,
0.953306,-0.088131,0.284744,-0.0486026,-0.28852,-0.0140639,0.956991,-0.0269627,
0.953152,-0.0882666,0.285197,-0.0487092,-0.288985,-0.0140578,0.95685,-0.0270003,
0.952999,-0.0884021,0.28565,-0.0488158,-0.28945,-0.0140515,0.956708,-0.0270379,
0.952845,-0.0885376,0.286102,-0.0489225,-0.289915,-0.0140451,0.956566,-0.0270755,
0.952691,-0.0886731,0.286555,-0.0490292,-0.29038,-0.0140386,0.956424,-0.0271131,
0.952536,-0.0888085,0.287008,-0.0491361,-0.290845,-0.0140321,0.956282,-0.0271506,
0.952382,-0.0889438,0.28746,-0.049243,-0.29131,-0.0140254,0.956139,-0.027188,
0.952227,-0.0890791,0.287912,-0.04935,-0.291774,-0.0140186,0.955997,-0.0272255,
0.952072,-0.0892143,0.288364,-0.0494571,-0.292239,-0.0140118,0.955854,-0.0272629,
0.951917,-0.0893495,0.288817,-0.0495643,-0.292704,-0.0140048,0.955711,-0.0273002,
0.951761,-0.0894846,0.289269,-0.0496715,-0.293168,-0.0139978,0.955567,-0.0273376,
0.951605,-0.0896197,0.289721,-0.0497788,-0.293633,-0.0139906,0.955424,-0.0273749,
0.951449,-0.0897547,0.290172,-0.0498862,-0.294097,-0.0139834,0.95528,-0.0274121,
0.951293,-0.0898897,0.290624,-0.0499937,-0.294561,-0.013976,0.955136,-0.0274493,
0.951136,-0.0900246,0.291076,-0.0501013,-0.295026,-0.0139686,0.954992,-0.0274865,
0.95098,-0.0901595,0.291527,-0.0502089,-0.29549,-0.0139611,0.954847,-0.0275237,
0.950823,-0.0902943,0.291979,-0.0503166,-0.295954,-0.0139535,0.954703,-0.0275608,
0.950665,-0.0904291,0.29243,-0.0504244,-0.296418,-0.0139457,0.954558,-0.0275979,
0.950508,-0.0905638,0.292882,-0.0505323,-0.296882,-0.0139379,0.954412,-0.0276349,
0.95035,-0.0906985,0.293333,-0.0506402,-0.297346,-0.01393,0.954267,-0.027672,
0.950192,-0.0908331,0.293784,-0.0507483,-0.29781,-0.013922,0.954121,-0.0277089,
0.950034,-0.0909676,0.294235,-0.0508564,-0.298274,-0.0139139,0.953976,-0.0277459,
0.949875,-0.0911021,0.294686,-0.0509646,-0.298737,-0.0139057,0.95383,-0.0277828,
0.949717,-0.0912366,0.295137,-0.0510728,-0.299201,-0.0138974,0.953683,-0.0278197,
0.949558,-0.091371,0.295588,-0.0511812,-0.299664,-0.013889,0.953537,-0.0278565,
0.949398,-0.0915053,0.296039,-0.0512896,-0.300128,-0.0138806,0.95339,-0.0278933,
0.949239,-0.0916396,0.296489,-0.0513981,-0.300591,-0.013872,0.953243,-0.0279301,
0.949079,-0.0917739,0.29694,-0.0515067,-0.301055,-0.0138633,0.953096,-0.0279668,
0.948919,-0.0919081,0.29739,-0.0516153,-0.301518,-0.0138545,0.952948,-0.0280035,
0.948759,-0.0920422,0.29784,-0.051724,-0.301981,-0.0138457,0.952801,-0.0280402,
0.948599,-0.0921763,0.298291,-0.0518329,-0.302444,-0.0138367,0.952653,-0.0280768,
0.948438,-0.0923103,0.298741,-0.0519417,-0.302907,-0.0138276,0.952505,-0.0281134,
0.948277,-0.0924443,0.299191,-0.0520507,-0.30337,-0.0138185,0.952357,-0.0281499,
0.948116,-0.0925782,0.299641,-0.0521597,-0.303833,-0.0138092,0.952208,-0.0281864,
0.947955,-0.0927121,0.300091,-0.0522689,-0.304296,-0.0137999,0.952059,-0.0282229,
0.947793,-0.0928459,0.300541,-0.0523781,-0.304759,-0.0137905,0.95191,-0.0282594,
0.947631,-0.0929797,0.30099,-0.0524873,-0.305222,-0.0137809,0.951761,-0.0282958,
0.947469,-0.0931134,0.30144,-0.0525967,-0.305684,-0.0137713,0.951612,-0.0283322,
0.947307,-0.0932471,0.30189,-0.0527061,-0.306147,-0.0137616,0.951462,-0.0283685,
0.947144,-0.0933807,0.302339,-0.0528156,-0.306609,-0.0137518,0.951312,-0.0284048,
0.946981,-0.0935142,0.302788,-0.0529252,-0.307072,-0.0137418,0.951162,-0.028441,
0.946818,-0.0936477,0.303238,-0.0530349,-0.307534,-0.0137318,0.951012,-0.0284773,
0.946655,-0.0937812,0.303687,-0.0531446,-0.307996,-0.0137217,0.950861,-0.0285135,
0.946491,-0.0939146,0.304136,-0.0532545,-0.308459,-0.0137115,0.95071,-0.0285496,
0.946327,-0.0940479,0.304585,-0.0533643,-0.308921,-0.0137012,0.950559,-0.0285857,
0.946163,-0.0941812,0.305034,-0.0534743,-0.309383,-0.0136908,0.950408,-0.0286218,
0.945999,-0.0943144,0.305483,-0.0535844,-0.309845,-0.0136804,0.950257,-0.0286579,
0.945834,-0.0944476,0.305931,-0.0536945,-0.310307,-0.0136698,0.950105,-0.0286939,
0.94567,-0.0945807,0.30638,-0.0538047,-0.310769,-0.0136591,0.949953,-0.0287298,
0.945504,-0.0947138,0.306829,-0.053915,-0.31123,-0.0136483,0.949801,-0.0287658,
0.945339,-0.0948468,0.307277,-0.0540253,-0.311692,-0.0136375,0.949649,-0.0288017,
0.945174,-0.0949797,0.307725,-0.0541358,-0.312154,-0.0136265,0.949496,-0.0288375,
0.945008,-0.0951126,0.308174,-0.0542463,-0.312615,-0.0136154,0.949343,-0.0288733,
0.944842,-0.0952455,0.308622,-0.0543569,-0.313077,-0.0136043,0.94919,-0.0289091,
0.944676,-0.0953783,0.30907,-0.0544676,-0.313538,-0.013593,0.949037,-0.0289449,
0.944509,-0.095511,0.309518,-0.0545783,-0.313999,-0.0135817,0.948884,-0.0289806,
0.944342,-0.0956437,0.309966,-0.0546891,-0.314461,-0.0135703,0.94873,-0.0290163,
0.944175,-0.0957763,0.310414,-0.0548,-0.314922,-0.0135587,0.948576,-0.0290519,
0.944008,-0.0959089,0.310861,-0.054911,-0.315383,-0.0135471,0.948422,-0.0290875,
0.943841,-0.0960414,0.311309,-0.055022,-0.315844,-0.0135354,0.948267,-0.0291231,
0.943673,-0.0961739,0.311756,-0.0551332,-0.316305,-0.0135236,0.948113,-0.0291586,
0.943505,-0.0963063,0.312204,-0.0552444,-0.316766,-0.0135117,0.947958,-0.0291941,
0.943337,-0.0964386,0.312651,-0.0553557,-0.317227,-0.0134996,0.947803,-0.0292295,
0.943169,-0.0965709,0.313098,-0.055467,-0.317687,-0.0134875,0.947648,-0.0292649,
0.943,-0.0967031,0.313546,-0.0555784,-0.318148,-0.0134753,0.947492,-0.0293003,
0.942831,-0.0968353,0.313993,-0.05569,-0.318609,-0.0134631,0.947337,-0.0293356,
0.942662,-0.0969675,0.31444,-0.0558015,-0.319069,-0.0134507,0.947181,-0.0293709,
0.942492,-0.0970995,0.314886,-0.0559132,-0.31953,-0.0134382,0.947025,-0.0294062,
0.942323,-0.0972315,0.315333,-0.0560249,-0.31999,-0.0134256,0.946868,-0.0294414,
0.942153,-0.0973635,0.31578,-0.0561368,-0.32045,-0.0134129,0.946712,-0.0294766,
0.941983,-0.0974954,0.316226,-0.0562487,-0.32091,-0.0134002,0.946555,-0.0295118,
0.941812,-0.0976273,0.316673,-0.0563606,-0.321371,-0.0133873,0.946398,-0.0295469,
0.941642,-0.097759,0.317119,-0.0564727,-0.321831,-0.0133744,0.94624,-0.0295819,
0.941471,-0.0978908,0.317566,-0.0565848,-0.322291,-0.0133613,0.946083,-0.029617,
0.9413,-0.0980225,0.318012,-0.056697,-0.322751,-0.0133482,0.945925,-0.029652,
0.941129,-0.0981541,0.318458,-0.0568093,-0.32321,-0.0133349,0.945767,-0.0296869,
0.940957,-0.0982856,0.318904,-0.0569216,-0.32367,-0.0133216,0.945609,-0.0297218,
0.940785,-0.0984172,0.31935,-0.057034,-0.32413,-0.0133082,0.945451,-0.0297567,
0.940613,-0.0985486,0.319796,-0.0571465,-0.324589,-0.0132946,0.945292,-0.0297916,
0.940441,-0.09868,0.320241,-0.0572591,-0.325049,-0.013281,0.945133,-0.0298264,
0.940268,-0.0988113,0.320687,-0.0573717,-0.325508,-0.0132673,0.944974,-0.0298611,
0.940096,-0.0989426,0.321133,-0.0574845,-0.325968,-0.0132535,0.944815,-0.0298959,
0.939923,-0.0990738,0.321578,-0.0575973,-0.326427,-0.0132396,0.944656,-0.0299305,
0.939749,-0.099205,0.322023,-0.0577102,-0.326886,-0.0132256,0.944496,-0.0299652,
0.939576,-0.0993361,0.322469,-0.0578231,-0.327345,-0.0132115,0.944336,-0.0299998,
0.939402,-0.0994672,0.322914,-0.0579361,-0.327804,-0.0131973,0.944176,-0.0300344,
0.939228,-0.0995982,0.323359,-0.0580492,-0.328263,-0.0131831,0.944015,-0.0300689,
0.939054,-0.0997291,0.323804,-0.0581624,-0.328722,-0.0131687,0.943855,-0.0301034,
0.93888,-0.09986,0.324249,-0.0582757,-0.329181,-0.0131542,0.943694,-0.0301379,
0.938705,-0.0999908,0.324693,-0.058389,-0.32964,-0.0131397,0.943533,-0.0301723,
0.93853,-0.100122,0.325138,-0.0585024,-0.330099,-0.013125,0.943372,-0.0302067,
0.938355,-0.100252,0.325583,-0.0586159,-0.330557,-0.0131102,0.94321,-0.030241,
0.938179,-0.100383,0.326027,-0.0587294,-0.331016,-0.0130954,0.943049,-0.0302753,
0.938004,-0.100514,0.326472,-0.0588431,-0.331474,-0.0130805,0.942887,-0.0303095,
0.937828,-0.100644,0.326916,-0.0589568,-0.331932,-0.0130654,0.942724,-0.0303438,
0.937652,-0.100775,0.32736,-0.0590706,-0.332391,-0.0130503,0.942562,-0.030378,
0.937475,-0.100905,0.327804,-0.0591844,-0.332849,-0.0130351,0.942399,-0.0304121,
0.937299,-0.101035,0.328248,-0.0592984,-0.333307,-0.0130198,0.942237,-0.0304462,
0.937122,-0.101166,0.328692,-0.0594124,-0.333765,-0.0130043,0.942074,-0.0304803,
0.936945,-0.101296,0.329136,-0.0595264,-0.334223,-0.0129888,0.94191,-0.0305143,
0.936767,-0.101426,0.329579,-0.0596406,-0.334681,-0.0129732,0.941747,-0.0305483,
0.93659,-0.101556,0.330023,-0.0597548,-0.335139,-0.0129575,0.941583,-0.0305822,
0.936412,-0.101686,0.330467,-0.0598691,-0.335596,-0.0129418,0.941419,-0.0306161,
0.936234,-0.101816,0.33091,-0.0599835,-0.336054,-0.0129259,0.941255,-0.03065,
0.936056,-0.101946,0.331353,-0.060098,-0.336512,-0.0129099,0.941091,-0.0306838,
0.935877,-0.102076,0.331796,-0.0602125,-0.336969,-0.0128938,0.940926,-0.0307176,
0.935698,-0.102206,0.33224,-0.0603271,-0.337427,-0.0128777,0.940761,-0.0307513,
0.935519,-0.102336,0.332683,-0.0604418,-0.337884,-0.0128614,0.940596,-0.030785,
0.93534,-0.102465,0.333125,-0.0605565,-0.338341,-0.0128451,0.940431,-0.0308187,
0.935161,-0.102595,0.333568,-0.0606714,-0.338798,-0.0128286,0.940266,-0.0308523,
0.934981,-0.102725,0.334011,-0.0607863,-0.339255,-0.0128121,0.9401,-0.0308859,
0.934801,-0.102854,0.334454,-0.0609012,-0.339712,-0.0127954,0.939934,-0.0309195,
0.934621,-0.102984,0.334896,-0.0610163,-0.340169,-0.0127787,0.939768,-0.030953,
0.93444,-0.103113,0.335339,-0.0611314,-0.340626,-0.0127619,0.939601,-0.0309864,
0.93426,-0.103242,0.335781,-0.0612466,-0.341083,-0.012745,0.939435,-0.0310199,
0.934079,-0.103372,0.336223,-0.0613619,-0.34154,-0.012728,0.939268,-0.0310533,
0.933898,-0.103501,0.336665,-0.0614772,-0.341996,-0.0127108,0.939101,-0.0310866,
0.933716,-0.10363,0.337107,-0.0615927,-0.342453,-0.0126936,0.938934,-0.0311199,
0.933535,-0.103759,0.337549,-0.0617082,-0.342909,-0.0126764,0.938766,-0.0311532,
0.933353,-0.103888,0.337991,-0.0618237,-0.343365,-0.012659,0.938599,-0.0311864,
0.933171,-0.104017,0.338433,-0.0619394,-0.343822,-0.0126415,0.938431,-0.0312196,
0.932988,-0.104146,0.338874,-0.0620551,-0.344278,-0.0126239,0.938263,-0.0312527,
0.932806,-0.104275,0.339316,-0.0621709,-0.344734,-0.0126062,0.938094,-0.0312858,
0.932623,-0.104404,0.339757,-0.0622867,-0.34519,-0.0125885,0.937926,-0.0313189,
0.93244,-0.104533,0.340199,-0.0624027,-0.345646,-0.0125706,0.937757,-0.0313519,
0.932256,-0.104661,0.34064,-0.0625187,-0.346102,-0.0125527,0.937588,-0.0313849,
0.932073,-0.10479,0.341081,-0.0626348,-0.346558,-0.0125346,0.937419,-0.0314178,
0.931889,-0.104919,0.341522,-0.0627509,-0.347013,-0.0125165,0.937249,-0.0314507,
0.931705,-0.105047,0.341963,-0.0628672,-0.347469,-0.0124983,0.937079,-0.0314836,
0.931521,-0.105176,0.342404,-0.0629835,-0.347924,-0.01248,0.93691,-0.0315164,
0.931336,-0.105304,0.342844,-0.0630999,-0.34838,-0.0124615,0.936739,-0.0315492,
0.931152,-0.105432,0.343285,-0.0632163,-0.348835,-0.012443,0.936569,-0.0315819,
0.930967,-0.105561,0.343725,-0.0633328,-0.34929,-0.0124244,0.936399,-0.0316146,
0.930781,-0.105689,0.344166,-0.0634494,-0.349746,-0.0124057,0.936228,-0.0316472,
0.930596,-0.105817,0.344606,-0.0635661,-0.350201,-0.0123869,0.936057,-0.0316799,
0.93041,-0.105945,0.345046,-0.0636829,-0.350656,-0.012368,0.935886,-0.0317124,
0.930224,-0.106073,0.345486,-0.0637997,-0.351111,-0.0123491,0.935714,-0.0317449,
0.930038,-0.106201,0.345926,-0.0639166,-0.351566,-0.01233,0.935543,-0.0317774,
0.929852,-0.106329,0.346366,-0.0640335,-0.35202,-0.0123108,0.935371,-0.0318099,
0.929665,-0.106457,0.346806,-0.0641506,-0.352475,-0.0122916,0.935199,-0.0318423,
0.929478,-0.106585,0.347246,-0.0642677,-0.35293,-0.0122722,0.935026,-0.0318746,
0.929291,-0.106712,0.347685,-0.0643849,-0.353384,-0.0122528,0.934854,-0.031907,
0.929104,-0.10684,0.348125,-0.0645021,-0.353839,-0.0122332,0.934681,-0.0319392,
0.928916,-0.106968,0.348564,-0.0646195,-0.354293,-0.0122136,0.934508,-0.0319715,
0.928728,-0.107095,0.349004,-0.0647369,-0.354747,-0.0121939,0.934335,-0.0320037,
0.92854,-0.107223,0.349443,-0.0648543,-0.355201,-0.0121741,0.934161,-0.0320358,
0.928352,-0.10735,0.349882,-0.0649719,-0.355656,-0.0121542,0.933988,-0.0320679,
0.928163,-0.107477,0.350321,-0.0650895,-0.35611,-0.0121341,0.933814,-0.0321,
0.927975,-0.107605,0.35076,-0.0652072,-0.356563,-0.012114,0.93364,-0.032132,
0.927786,-0.107732,0.351198,-0.065325,-0.357017,-0.0120939,0.933466,-0.032164,
0.927596,-0.107859,0.351637,-0.0654428,-0.357471,-0.0120736,0.933291,-0.032196,
0.927407,-0.107986,0.352076,-0.0655607,-0.357925,-0.0120532,0.933116,-0.0322279,
0.927217,-0.108113,0.352514,-0.0656787,-0.358378,-0.0120327,0.932941,-0.0322597,
0.927027,-0.10824,0.352952,-0.0657968,-0.358832,-0.0120122,0.932766,-0.0322915,
0.926837,-0.108367,0.353391,-0.0659149,-0.359285,-0.0119915,0.932591,-0.0323233,
0.926647,-0.108494,0.353829,-0.0660331,-0.359739,-0.0119708,0.932415,-0.032355,
0.926456,-0.108621,0.354267,-0.0661514,-0.360192,-0.0119499,0.932239,-0.0323867,
0.926265,-0.108747,0.354705,-0.0662697,-0.360645,-0.011929,0.932063,-0.0324184,
0.926074,-0.108874,0.355143,-0.0663881,-0.361098,-0.0119079,0.931887,-0.03245,
0.925882,-0.109001,0.35558,-0.0665066,-0.361551,-0.0118868,0.931711,-0.0324815,
0.925691,-0.109127,0.356018,-0.0666252,-0.362004,-0.0118656,0.931534,-0.0325131,
0.925499,-0.109254,0.356455,-0.0667438,-0.362457,-0.0118443,0.931357,-0.0325445,
0.925307,-0.10938,0.356893,-0.0668625,-0.362909,-0.0118229,0.93118,-0.032576,
0.925115,-0.109507,0.35733,-0.0669813,-0.363362,-0.0118014,0.931002,-0.0326074,
0.924922,-0.109633,0.357767,-0.0671002,-0.363815,-0.0117798,0.930825,-0.0326387,
0.924729,-0.109759,0.358204,-0.0672191,-0.364267,-0.0117581,0.930647,-0.03267,
0.924536,-0.109885,0.358641,-0.0673381,-0.364719,-0.0117364,0.930469,-0.0327013,
0.924343,-0.110011,0.359078,-0.0674571,-0.365172,-0.0117145,0.930291,-0.0327325,
0.924149,-0.110137,0.359515,-0.0675763,-0.365624,-0.0116925,0.930112,-0.0327637,
0.923956,-0.110263,0.359952,-0.0676955,-0.366076,-0.0116705,0.929934,-0.0327948,
0.923762,-0.110389,0.360388,-0.0678148,-0.366528,-0.0116483,0.929755,-0.0328259,
0.923568,-0.110515,0.360825,-0.0679341,-0.36698,-0.0116261,0.929576,-0.0328569,
0.923373,-0.110641,0.361261,-0.0680535,-0.367432,-0.0116038,0.929396,-0.0328879,
0.923178,-0.110766,0.361697,-0.068173,-0.367884,-0.0115814,0.929217,-0.0329189,
0.922983,-0.110892,0.362133,-0.0682926,-0.368335,-0.0115588,0.929037,-0.0329498,
0.922788,-0.111018,0.362569,-0.0684122,-0.368787,-0.0115362,0.928857,-0.0329807,
0.922593,-0.111143,0.363005,-0.0685319,-0.369238,-0.0115135,0.928677,-0.0330115,
0.922397,-0.111269,0.363441,-0.0686517,-0.36969,-0.0114907,0.928496,-0.0330423,
0.922201,-0.111394,0.363877,-0.0687716,-0.370141,-0.0114679,0.928316,-0.0330731,
0.922005,-0.111519,0.364312,-0.0688915,-0.370592,-0.0114449,0.928135,-0.0331038,
0.921809,-0.111645,0.364748,-0.0690115,-0.371043,-0.0114218,0.927954,-0.0331344,
0.921612,-0.11177,0.365183,-0.0691315,-0.371494,-0.0113986,0.927773,-0.033165,
0.921416,-0.111895,0.365619,-0.0692517,-0.371945,-0.0113754,0.927591,-0.0331956,
0.921219,-0.11202,0.366054,-0.0693719,-0.372396,-0.011352,0.927409,-0.0332261,
0.921021,-0.112145,0.366489,-0.0694922,-0.372847,-0.0113286,0.927227,-0.0332566,
0.920824,-0.11227,0.366924,-0.0696125,-0.373298,-0.0113051,0.927045,-0.033287,
0.920626,-0.112395,0.367359,-0.0697329,-0.373748,-0.0112815,0.926863,-0.0333174,
0.920428,-0.11252,0.367793,-0.0698534,-0.374199,-0.0112577,0.92668,-0.0333478,
0.92023,-0.112644,0.368228,-0.069974,-0.374649,-0.0112339,0.926498,-0.0333781,
0.920031,-0.112769,0.368663,-0.0700946,-0.3751,-0.01121,0.926314,-0.0334083,
0.919833,-0.112894,0.369097,-0.0702153,-0.37555,-0.011186,0.926131,-0.0334386,
0.919634,-0.113018,0.369531,-0.0703361,-0.376,-0.0111619,0.925948,-0.0334687,
0.919435,-0.113143,0.369966,-0.0704569,-0.37645,-0.0111378,0.925764,-0.0334989,
0.919235,-0.113267,0.3704,-0.0705778,-0.3769,-0.0111135,0.92558,-0.033529,
0.919036,-0.113392,0.370834,-0.0706988,-0.37735,-0.0110891,0.925396,-0.033559,
0.918836,-0.113516,0.371268,-0.0708199,-0.3778,-0.0110647,0.925212,-0.033589,
0.918636,-0.11364,0.371701,-0.070941,-0.378249,-0.0110401,0.925027,-0.0336189,
0.918435,-0.113764,0.372135,-0.0710622,-0.378699,-0.0110155,0.924842,-0.0336489,
0.918235,-0.113888,0.372568,-0.0711834,-0.379148,-0.0109908,0.924657,-0.0336787,
0.918034,-0.114012,0.373002,-0.0713048,-0.379598,-0.0109659,0.924472,-0.0337085,
0.917833,-0.114136,0.373435,-0.0714262,-0.380047,-0.010941,0.924287,-0.0337383,
0.917632,-0.11426,0.373868,-0.0715476,-0.380496,-0.010916,0.924101,-0.033768,
0.91743,-0.114384,0.374302,-0.0716692,-0.380946,-0.0108909,0.923915,-0.0337977,
0.917228,-0.114508,0.374735,-0.0717908,-0.381395,-0.0108657,0.923729,-0.0338274,
0.917026,-0.114631,0.375167,-0.0719125,-0.381844,-0.0108404,0.923543,-0.033857,
0.916824,-0.114755,0.3756,-0.0720342,-0.382292,-0.0108151,0.923356,-0.0338865,
0.916622,-0.114879,0.376033,-0.0721561,-0.382741,-0.0107896,0.92317,-0.033916,
0.916419,-0.115002,0.376466,-0.0722779,-0.38319,-0.010764,0.922983,-0.0339455,
0.916216,-0.115125,0.376898,-0.0723999,-0.383639,-0.0107384,0.922796,-0.0339749,
0.916013,-0.115249,0.37733,-0.0725219,-0.384087,-0.0107126,0.922608,-0.0340043,
0.91581,-0.115372,0.377763,-0.072644,-0.384535,-0.0106868,0.922421,-0.0340336,
0.915606,-0.115495,0.378195,-0.0727662,-0.384984,-0.0106609,0.922233,-0.0340629,
0.915402,-0.115619,0.378627,-0.0728885,-0.385432,-0.0106349,0.922045,-0.0340921,
0.915198,-0.115742,0.379059,-0.0730108,-0.38588,-0.0106088,0.921857,-0.0341213,
0.914994,-0.115865,0.37949,-0.0731331,-0.386328,-0.0105826,0.921668,-0.0341504,
0.914789,-0.115988,0.379922,-0.0732556,-0.386776,-0.0105563,0.92148,-0.0341795,
0.914585,-0.11611,0.380354,-0.0733781,-0.387224,-0.0105299,0.921291,-0.0342086,
0.91438,-0.116233,0.380785,-0.0735007,-0.387672,-0.0105034,0.921102,-0.0342376,
0.914174,-0.116356,0.381216,-0.0736234,-0.388119,-0.0104768,0.920912,-0.0342665,
0.913969,-0.116479,0.381648,-0.0737461,-0.388567,-0.0104502,0.920723,-0.0342955,
0.913763,-0.116601,0.382079,-0.0738689,-0.389014,-0.0104234,0.920533,-0.0343243,
0.913557,-0.116724,0.38251,-0.0739917,-0.389462,-0.0103966,0.920343,-0.0343532,
0.913351,-0.116846,0.382941,-0.0741147,-0.389909,-0.0103696,0.920153,-0.0343819,
0.913145,-0.116969,0.383371,-0.0742377,-0.390356,-0.0103426,0.919962,-0.0344107,
0.912938,-0.117091,0.383802,-0.0743607,-0.390803,-0.0103155,0.919772,-0.0344394,
0.912731,-0.117213,0.384233,-0.0744839,-0.39125,-0.0102883,0.919581,-0.034468,
0.912524,-0.117336,0.384663,-0.0746071,-0.391697,-0.010261,0.91939,-0.0344966,
0.912317,-0.117458,0.385093,-0.0747304,-0.392144,-0.0102336,0.919199,-0.0345251,
0.912109,-0.11758,0.385524,-0.0748537,-0.392591,-0.0102061,0.919007,-0.0345536,
0.911901,-0.117702,0.385954,-0.0749771,-0.393037,-0.0101786,0.918816,-0.0345821,
0.911693,-0.117824,0.386384,-0.0751006,-0.393484,-0.0101509,0.918624,-0.0346105,
0.911485,-0.117946,0.386814,-0.0752242,-0.39393,-0.0101231,0.918432,-0.0346389,
0.911277,-0.118067,0.387243,-0.0753478,-0.394377,-0.0100953,0.918239,-0.0346672,
0.911068,-0.118189,0.387673,-0.0754715,-0.394823,-0.0100673,0.918047,-0.0346955,
0.910859,-0.118311,0.388103,-0.0755952,-0.395269,-0.0100393,0.917854,-0.0347237,
0.91065,-0.118432,0.388532,-0.075719,-0.395715,-0.0100112,0.917661,-0.0347519,
0.91044,-0.118554,0.388961,-0.0758429,-0.396161,-0.00998298,0.917468,-0.03478,
0.910231,-0.118675,0.389391,-0.0759669,-0.396607,-0.00995467,0.917274,-0.0348081,
0.910021,-0.118797,0.38982,-0.0760909,-0.397053,-0.00992628,0.917081,-0.0348361,
0.909811,-0.118918,0.390249,-0.076215,-0.397498,-0.00989779,0.916887,-0.0348641,
0.9096,-0.119039,0.390678,-0.0763392,-0.397944,-0.00986922,0.916693,-0.0348921,
0.90939,-0.119161,0.391106,-0.0764634,-0.398389,-0.00984055,0.916499,-0.03492,
0.909179,-0.119282,0.391535,-0.0765877,-0.398835,-0.00981179,0.916304,-0.0349478,
0.908968,-0.119403,0.391964,-0.0767121,-0.39928,-0.00978294,0.916109,-0.0349757,
0.908757,-0.119524,0.392392,-0.0768365,-0.399725,-0.009754,0.915915,-0.0350034,
0.908545,-0.119645,0.39282,-0.076961,-0.40017,-0.00972497,0.915719,-0.0350311,
0.908333,-0.119765,0.393248,-0.0770856,-0.400615,-0.00969585,0.915524,-0.0350588,
0.908122,-0.119886,0.393676,-0.0772103,-0.40106,-0.00966663,0.915329,-0.0350864,
0.907909,-0.120007,0.394104,-0.077335,-0.401505,-0.00963733,0.915133,-0.035114,
0.907697,-0.120128,0.394532,-0.0774597,-0.40195,-0.00960793,0.914937,-0.0351415,
0.907484,-0.120248,0.39496,-0.0775846,-0.402394,-0.00957845,0.914741,-0.035169,
0.907271,-0.120369,0.395388,-0.0777095,-0.402839,-0.00954887,0.914544,-0.0351964,
0.907058,-0.120489,0.395815,-0.0778345,-0.403283,-0.0095192,0.914348,-0.0352238,
0.906845,-0.120609,0.396242,-0.0779595,-0.403727,-0.00948944,0.914151,-0.0352512,
0.906631,-0.12073,0.39667,-0.0780846,-0.404172,-0.00945959,0.913954,-0.0352784,
0.906417,-0.12085,0.397097,-0.0782098,-0.404616,-0.00942966,0.913756,-0.0353057,
0.906203,-0.12097,0.397524,-0.0783351,-0.40506,-0.00939963,0.913559,-0.0353329,
0.905989,-0.12109,0.397951,-0.0784604,-0.405504,-0.0093695,0.913361,-0.03536,
0.905775,-0.12121,0.398378,-0.0785858,-0.405947,-0.00933929,0.913163,-0.0353871,
0.90556,-0.12133,0.398804,-0.0787112,-0.406391,-0.00930899,0.912965,-0.0354142,
0.905345,-0.12145,0.399231,-0.0788367,-0.406835,-0.0092786,0.912767,-0.0354412,
0.90513,-0.12157,0.399657,-0.0789623,-0.407278,-0.00924812,0.912568,-0.0354681,
0.904914,-0.121689,0.400084,-0.079088,-0.407722,-0.00921754,0.91237,-0.0354951,
0.904699,-0.121809,0.40051,-0.0792137,-0.408165,-0.00918688,0.912171,-0.0355219,
0.904483,-0.121929,0.400936,-0.0793395,-0.408608,-0.00915612,0.911971,-0.0355487,
0.904267,-0.122048,0.401362,-0.0794653,-0.409051,-0.00912528,0.911772,-0.0355755,
0.90405,-0.122167,0.401788,-0.0795912,-0.409494,-0.00909434,0.911572,-0.0356022,
0.903834,-0.122287,0.402214,-0.0797172,-0.409937,-0.00906332,0.911373,-0.0356289,
0.903617,-0.122406,0.402639,-0.0798433,-0.41038,-0.0090322,0.911173,-0.0356555,
0.9034,-0.122525,0.403065,-0.0799694,-0.410823,-0.009001,0.910972,-0.0356821,
0.903183,-0.122644,0.40349,-0.0800956,-0.411265,-0.0089697,0.910772,-0.0357086,
0.902965,-0.122764,0.403915,-0.0802218,-0.411708,-0.00893831,0.910571,-0.0357351,
0.902747,-0.122883,0.404341,-0.0803481,-0.41215,-0.00890684,0.91037,-0.0357615,
0.902529,-0.123002,0.404766,-0.0804745,-0.412593,-0.00887527,0.910169,-0.0357879,
0.902311,-0.12312,0.405191,-0.080601,-0.413035,-0.00884361,0.909968,-0.0358142,
0.902093,-0.123239,0.405615,-0.0807275,-0.413477,-0.00881187,0.909766,-0.0358405,
0.901874,-0.123358,0.40604,-0.0808541,-0.413919,-0.00878003,0.909565,-0.0358668,
0.901655,-0.123477,0.406465,-0.0809807,-0.414361,-0.0087481,0.909363,-0.035893,
0.901436,-0.123595,0.406889,-0.0811074,-0.414803,-0.00871608,0.90916,-0.0359191,
0.901217,-0.123714,0.407314,-0.0812342,-0.415244,-0.00868398,0.908958,-0.0359452,
0.900997,-0.123832,0.407738,-0.0813611,-0.415686,-0.00865178,0.908755,-0.0359712,
0.900777,-0.12395,0.408162,-0.081488,-0.416128,-0.00861949,0.908553,-0.0359972,
0.900557,-0.124069,0.408586,-0.081615,-0.416569,-0.00858712,0.90835,-0.0360232,
0.900337,-0.124187,0.40901,-0.081742,-0.41701,-0.00855465,0.908146,-0.0360491,
0.900117,-0.124305,0.409433,-0.0818691,-0.417451,-0.00852209,0.907943,-0.0360749,
0.899896,-0.124423,0.409857,-0.0819963,-0.417893,-0.00848944,0.907739,-0.0361007,
0.899675,-0.124541,0.410281,-0.0821235,-0.418334,-0.00845671,0.907535,-0.0361265,
0.899454,-0.124659,0.410704,-0.0822508,-0.418774,-0.00842388,0.907331,-0.0361522,
0.899232,-0.124777,0.411127,-0.0823782,-0.419215,-0.00839097,0.907127,-0.0361778,
0.899011,-0.124895,0.41155,-0.0825056,-0.419656,-0.00835796,0.906922,-0.0362034,
0.898789,-0.125012,0.411973,-0.0826331,-0.420097,-0.00832486,0.906718,-0.036229,
0.898567,-0.12513,0.412396,-0.0827607,-0.420537,-0.00829168,0.906513,-0.0362545,
0.898345,-0.125248,0.412819,-0.0828883,-0.420977,-0.0082584,0.906308,-0.03628,
0.898122,-0.125365,0.413242,-0.083016,-0.421418,-0.00822504,0.906102,-0.0363054,
0.897899,-0.125482,0.413664,-0.0831438,-0.421858,-0.00819158,0.905897,-0.0363307,
0.897676,-0.1256,0.414087,-0.0832716,-0.422298,-0.00815804,0.905691,-0.036356,
0.897453,-0.125717,0.414509,-0.0833995,-0.422738,-0.00812441,0.905485,-0.0363813,
0.89723,-0.125834,0.414931,-0.0835275,-0.423178,-0.00809068,0.905279,-0.0364065,
0.897006,-0.125951,0.415353,-0.0836555,-0.423618,-0.00805687,0.905072,-0.0364317,
0.896782,-0.126068,0.415775,-0.0837836,-0.424057,-0.00802297,0.904866,-0.0364568,
0.896558,-0.126185,0.416197,-0.0839118,-0.424497,-0.00798898,0.904659,-0.0364818,
0.896333,-0.126302,0.416619,-0.08404,-0.424936,-0.0079549,0.904452,-0.0365069,
0.896109,-0.126419,0.417041,-0.0841683,-0.425376,-0.00792073,0.904245,-0.0365318,
0.895884,-0.126536,0.417462,-0.0842966,-0.425815,-0.00788647,0.904037,-0.0365567,
0.895659,-0.126653,0.417883,-0.084425,-0.426254,-0.00785212,0.903829,-0.0365816,
0.895434,-0.126769,0.418305,-0.0845535,-0.426693,-0.00781768,0.903622,-0.0366064,
0.895208,-0.126886,0.418726,-0.0846821,-0.427132,-0.00778315,0.903413,-0.0366312,
0.894982,-0.127002,0.419147,-0.0848107,-0.427571,-0.00774854,0.903205,-0.0366559,
0.894756,-0.127119,0.419568,-0.0849393,-0.42801,-0.00771383,0.902997,-0.0366806,
0.89453,-0.127235,0.419988,-0.0850681,-0.428448,-0.00767904,0.902788,-0.0367052,
0.894304,-0.127351,0.420409,-0.0851969,-0.428887,-0.00764415,0.902579,-0.0367297,
0.894077,-0.127467,0.42083,-0.0853258,-0.429325,-0.00760918,0.90237,-0.0367543,
0.89385,-0.127583,0.42125,-0.0854547,-0.429763,-0.00757412,0.90216,-0.0367787,
0.893623,-0.127699,0.42167,-0.0855837,-0.430202,-0.00753897,0.901951,-0.0368031,
0.893396,-0.127815,0.42209,-0.0857127,-0.43064,-0.00750373,0.901741,-0.0368275,
0.893168,-0.127931,0.42251,-0.0858419,-0.431078,-0.0074684,0.901531,-0.0368518,
0.892941,-0.128047,0.42293,-0.0859711,-0.431516,-0.00743298,0.901321,-0.0368761,
0.892713,-0.128163,0.42335,-0.0861003,-0.431953,-0.00739747,0.90111,-0.0369003,
0.892484,-0.128278,0.42377,-0.0862296,-0.432391,-0.00736188,0.9009,-0.0369245,
0.892256,-0.128394,0.424189,-0.086359,-0.432829,-0.00732619,0.900689,-0.0369486,
0.892027,-0.128509,0.424609,-0.0864884,-0.433266,-0.00729042,0.900478,-0.0369726,
0.891798,-0.128625,0.425028,-0.0866179,-0.433703,-0.00725456,0.900267,-0.0369966,
0.891569,-0.12874,0.425447,-0.0867475,-0.434141,-0.0072186,0.900055,-0.0370206,
0.89134,-0.128855,0.425866,-0.0868772,-0.434578,-0.00718256,0.899843,-0.0370445,
0.89111,-0.128971,0.426285,-0.0870069,-0.435015,-0.00714643,0.899632,-0.0370684,
0.89088,-0.129086,0.426704,-0.0871366,-0.435452,-0.00711022,0.899419,-0.0370922,
0.89065,-0.129201,0.427122,-0.0872664,-0.435889,-0.00707391,0.899207,-0.0371159,
0.89042,-0.129316,0.427541,-0.0873963,-0.436325,-0.00703752,0.898995,-0.0371397,
0.89019,-0.129431,0.427959,-0.0875263,-0.436762,-0.00700103,0.898782,-0.0371633,
0.889959,-0.129545,0.428378,-0.0876563,-0.437199,-0.00696446,0.898569,-0.0371869,
0.889728,-0.12966,0.428796,-0.0877864,-0.437635,-0.0069278,0.898356,-0.0372105,
0.889497,-0.129775,0.429214,-0.0879165,-0.438071,-0.00689105,0.898142,-0.037234,
0.889265,-0.129889,0.429632,-0.0880467,-0.438507,-0.00685421,0.897929,-0.0372574,
0.889034,-0.130004,0.43005,-0.088177,-0.438944,-0.00681729,0.897715,-0.0372808,
0.888802,-0.130118,0.430467,-0.0883073,-0.43938,-0.00678027,0.897501,-0.0373042,
0.88857,-0.130233,0.430885,-0.0884377,-0.439815,-0.00674317,0.897287,-0.0373275,
0.888338,-0.130347,0.431302,-0.0885682,-0.440251,-0.00670598,0.897072,-0.0373507,
0.888105,-0.130461,0.43172,-0.0886987,-0.440687,-0.0066687,0.896858,-0.0373739,
0.887872,-0.130575,0.432137,-0.0888293,-0.441122,-0.00663133,0.896643,-0.0373971,
0.887639,-0.130689,0.432554,-0.0889599,-0.441558,-0.00659387,0.896428,-0.0374202,
0.887406,-0.130803,0.432971,-0.0890906,-0.441993,-0.00655633,0.896213,-0.0374432,
0.887173,-0.130917,0.433388,-0.0892214,-0.442428,-0.0065187,0.895997,-0.0374662,
0.886939,-0.131031,0.433804,-0.0893522,-0.442863,-0.00648097,0.895782,-0.0374891,
0.886705,-0.131145,0.434221,-0.0894831,-0.443298,-0.00644317,0.895566,-0.037512,
0.886471,-0.131259,0.434637,-0.0896141,-0.443733,-0.00640527,0.89535,-0.0375349,
0.886237,-0.131372,0.435054,-0.0897451,-0.444168,-0.00636728,0.895133,-0.0375577,
0.886002,-0.131486,0.43547,-0.0898762,-0.444603,-0.00632921,0.894917,-0.0375804,
0.885767,-0.131599,0.435886,-0.0900074,-0.445037,-0.00629105,0.8947,-0.0376031,
0.885532,-0.131713,0.436302,-0.0901386,-0.445472,-0.0062528,0.894483,-0.0376257,
0.885297,-0.131826,0.436718,-0.0902698,-0.445906,-0.00621446,0.894266,-0.0376483,
0.885062,-0.131939,0.437133,-0.0904012,-0.44634,-0.00617603,0.894049,-0.0376708,
0.884826,-0.132052,0.437549,-0.0905326,-0.446774,-0.00613752,0.893831,-0.0376933,
0.88459,-0.132165,0.437964,-0.090664,-0.447209,-0.00609892,0.893613,-0.0377157,
0.884354,-0.132278,0.43838,-0.0907956,-0.447642,-0.00606023,0.893395,-0.0377381,
0.884118,-0.132391,0.438795,-0.0909271,-0.448076,-0.00602145,0.893177,-0.0377604,
0.883881,-0.132504,0.43921,-0.0910588,-0.44851,-0.00598259,0.892959,-0.0377827,
0.883644,-0.132617,0.439625,-0.0911905,-0.448943,-0.00594364,0.89274,-0.0378049,
0.883407,-0.132729,0.440039,-0.0913223,-0.449377,-0.0059046,0.892521,-0.037827,
0.88317,-0.132842,0.440454,-0.0914541,-0.44981,-0.00586547,0.892302,-0.0378492,
0.882933,-0.132954,0.440869,-0.091586,-0.450244,-0.00582625,0.892083,-0.0378712,
0.882695,-0.133067,0.441283,-0.0917179,-0.450677,-0.00578695,0.891864,-0.0378932,
0.882457,-0.133179,0.441697,-0.0918499,-0.45111,-0.00574756,0.891644,-0.0379152,
0.882219,-0.133292,0.442112,-0.091982,-0.451543,-0.00570808,0.891424,-0.0379371,
0.88198,-0.133404,0.442526,-0.0921142,-0.451975,-0.00566851,0.891204,-0.0379589,
0.881742,-0.133516,0.44294,-0.0922464,-0.452408,-0.00562886,0.890984,-0.0379807,
0.881503,-0.133628,0.443353,-0.0923786,-0.452841,-0.00558912,0.890764,-0.0380025,
0.881264,-0.13374,0.443767,-0.0925109,-0.453273,-0.00554929,0.890543,-0.0380241,
0.881025,-0.133852,0.44418,-0.0926433,-0.453706,-0.00550937,0.890322,-0.0380458,
0.880785,-0.133964,0.444594,-0.0927758,-0.454138,-0.00546937,0.890101,-0.0380674,
0.880546,-0.134075,0.445007,-0.0929083,-0.45457,-0.00542928,0.88988,-0.0380889,
0.880306,-0.134187,0.44542,-0.0930409,-0.455002,-0.0053891,0.889658,-0.0381104,
0.880065,-0.134299,0.445833,-0.0931735,-0.455434,-0.00534884,0.889437,-0.0381318,
0.879825,-0.13441,0.446246,-0.0933062,-0.455866,-0.00530848,0.889215,-0.0381532,
0.879585,-0.134522,0.446659,-0.0934389,-0.456297,-0.00526804,0.888993,-0.0381745,
0.879344,-0.134633,0.447072,-0.0935717,-0.456729,-0.00522752,0.88877,-0.0381958,
0.879103,-0.134744,0.447484,-0.0937046,-0.45716,-0.0051869,0.888548,-0.038217,
0.878861,-0.134855,0.447896,-0.0938375,-0.457592,-0.0051462,0.888325,-0.0382381,
0.87862,-0.134966,0.448309,-0.0939705,-0.458023,-0.00510541,0.888102,-0.0382593,
0.878378,-0.135078,0.448721,-0.0941036,-0.458454,-0.00506454,0.887879,-0.0382803,
0.878136,-0.135188,0.449133,-0.0942367,-0.458885,-0.00502357,0.887655,-0.0383013,
0.877894,-0.135299,0.449545,-0.0943699,-0.459316,-0.00498252,0.887432,-0.0383223,
0.877652,-0.13541,0.449956,-0.0945031,-0.459747,-0.00494139,0.887208,-0.0383432,
0.877409,-0.135521,0.450368,-0.0946364,-0.460177,-0.00490016,0.886984,-0.038364,
0.877166,-0.135631,0.450779,-0.0947698,-0.460608,-0.00485885,0.88676,-0.0383848,
0.876923,-0.135742,0.451191,-0.0949032,-0.461038,-0.00481745,0.886536,-0.0384055,
0.87668,-0.135852,0.451602,-0.0950367,-0.461469,-0.00477597,0.886311,-0.0384262,
0.876437,-0.135963,0.452013,-0.0951702,-0.461899,-0.0047344,0.886086,-0.0384468,
0.876193,-0.136073,0.452424,-0.0953038,-0.462329,-0.00469274,0.885861,-0.0384674,
0.875949,-0.136183,0.452835,-0.0954375,-0.462759,-0.004651,0.885636,-0.0384879,
0.875705,-0.136294,0.453245,-0.0955712,-0.463189,-0.00460916,0.885411,-0.0385084,
0.87546,-0.136404,0.453656,-0.095705,-0.463619,-0.00456725,0.885185,-0.0385288,
0.875216,-0.136514,0.454066,-0.0958388,-0.464048,-0.00452524,0.884959,-0.0385492,
0.874971,-0.136624,0.454477,-0.0959727,-0.464478,-0.00448315,0.884733,-0.0385695,
0.874726,-0.136733,0.454887,-0.0961067,-0.464907,-0.00444097,0.884507,-0.0385897,
0.874481,-0.136843,0.455297,-0.0962407,-0.465337,-0.00439871,0.88428,-0.0386099,
0.874235,-0.136953,0.455707,-0.0963748,-0.465766,-0.00435636,0.884054,-0.0386301,
